-7.31360543781246
-7.88054928002850
-8.39597527465792
-8.85651390558074
-9.25915447415748
-9.60126478119657
-9.88060833454122
-10.0953589697841
-10.2441127885290
-10.3258973361550
-10.3401779590855
-10.2868613000010
-10.1662959081485
-9.97926996075534
-9.72700611044506
-9.41115349233888
-9.03377694309489
-8.59734350236427
-8.10470628490871
-7.55908582881288
-6.96404904172477
-6.32348588275970
-5.64158393250636
-4.92280101737935
-4.17183606728235
-3.39359839709524
-2.59317561280260
-1.77580035207226
-0.946816076712187
-0.111642140631860
0.724261638328831
1.55543067109730
2.37643132125716
3.18189642658912
3.96656038604703
4.72529358279410
5.45313591826363
6.14532923802073
6.79734843744637
7.40493104389480
7.96410508193602
8.47121503951843
8.92294576530220
9.31634414093808
9.64883838661265
9.91825487365318
10.1228323342821
10.2612333756271
10.3325532227163
10.3363256333016
10.2725259458440
10.1415712407344
9.94431761369657
9.68205457919599
9.35649664044295
8.96977208109804
8.52440905195361
8.02331904354677
7.46977785274943
6.86740416776301
6.22013591151527
5.53220449811052
4.80810717062742
4.05257760110199
3.27055494489343
2.46715155173527
1.64761954455555
0.817316484551860
-0.0183296530197665
-0.853855963376695
-1.68380032508777
-2.50273710783045
-3.30531264159306
-4.08628021544766
-4.84053437709520
-5.56314430895422
-6.24938606260293
-6.89477344084677
-7.49508732552463
-8.04640325932825
-8.54511710132275
-8.98796858844926
-9.37206264898032
-9.69488832859460
-9.95433520534453
-10.1487071862068
-10.2767335950232
-10.3375774793449
-10.3308410818777
-10.2565684407572
-10.1152451016566
-9.90779494360841
-9.63557413929092
-9.30036228926354
-8.90435078810869
-8.45012849853556
-7.94066482709860
-7.37929031217063
-6.76967485107368
-6.11580370870431
-5.42195146449309
-4.69265406801591
-3.93267918593945
-3.14699503415236
-2.34073789883777
-1.51917855881294
-0.687687828643999
0.148298552206716
0.983315454669730
1.81190408748768
2.62864768320181
3.42820690941449
4.20535477383261
4.95501079490489
5.67227421466840
6.35245603668067
6.99110967959412
7.58406004597994
8.12743081636898
8.61766979007865
9.05157210716435
9.42630119968591
9.73940733532276
9.98884363211263
10.1729794396194
10.2906109990529
10.3409693126525
10.3237251708880
10.2389913046157
10.0873216481176
9.86970771784386
9.58757213053015
9.24275930306544
8.83752339490737
8.37451357187059
7.85675668762312
7.28763749610808
6.67087652424879
6.01050574959110
5.31084224188612
4.57645994092810
3.81215975514440
3.02293817641427
2.21395461629139
1.39049767716498
0.557950578856027
-0.278244033333112
-1.11261966905351
-1.93972172922795
-2.75414316463170
-3.55055982362391
-4.32376525794878
-5.06870475906975
-5.78050840252899
-6.45452288431024
-7.08634194107954
-7.67183515543677
-8.20717495786763
-8.68886164887548
-9.11374627771458
-9.47905122815891
-9.78238837672987
-10.0217747046769
-10.1956452616495
-10.3028633963134
-10.3427281870293
-10.3149790240175
-10.2197973130531
-10.0578052895544
-9.83006195081736
-9.53805613298731
-9.18369677802791
-8.76930045431419
-8.29757621243220
-7.77160787518826
-7.19483387760390
-6.57102478868949
-5.90425866194404
-5.19889437572396
-4.45954313776361
-3.69103834013202
-2.89840396169507
-2.08682172464611
-1.26159721981472
-0.428125222203723
0.408145576501139
1.24174818789368
2.06723306642118
2.87920373492885
3.67235206327772
4.44149296940801
5.18159831599486
5.88782978110307
6.55557048795314
7.18045518702498
7.75839879318785
8.28562309129987
8.75868143569349
9.17448128207765
9.53030440455833
9.82382466561126
10.0531232228392
10.2167010731011
10.3134888520090
10.3428538247287
10.3046040223840
10.1989894970230
10.0267006869422
9.78886390305515
9.48703396581241
9.12318404080835
8.69969273952232
8.21932856952130
7.68523183577856
7.10089411142532
6.47013541214232
5.79707922340989
5.08612554387238
4.34192212104101
3.56933406737792
2.77341205539100
1.95935929965931
1.13249754163848
0.298232259615847
-0.537982668751262
-1.37068062030015
-2.19441796354909
-3.00380964557950
-3.79356439596955
-4.55851931763995
-5.29367363847888
-5.99422140310080
-6.65558289102141
-7.27343455585790
-7.84373728983123
-8.36276282879598
-8.82711812517891
-9.23376752949234
-9.58005263541348
-9.86370965869656
-10.0828842363051
-10.2361435490175
-10.3224856882571
-10.3413462059110
-10.2926018043207
-10.1765711423210
-9.99401275205839
-9.74612008020653
-9.43451368599711
-9.06123064706945
-8.62871124239684
-8.13978299934777
-7.59764220917194
-7.00583303175036
-6.36822432620938
-5.68898435886452
-4.97255355383718
-4.22361546448233
-3.44706615539749
-2.64798219517297
-1.83158746912547
-1.00321902897215
-0.168292202696923
0.667734807301533
1.49939660634724
2.32125633664206
3.12794121986582
3.91417768086684
4.67482582282760
5.40491302852917
6.09966646805176
6.75454430039722
7.36526536505814
7.92783716942913
8.43858198909722
8.89416091038521
9.29159565797287
9.62828806490201
9.90203705768301
10.1110530454655
10.2539696192064
10.3298524843530
10.3382055686467
10.2789742651168
10.1525457890650
9.95974664670671
9.70183723201665
9.38050358710247
8.99784637997024
8.55636717173897
8.05895206307932
7.50885282678586
6.90966564982547
6.26530762383251
5.57999113774009
4.85819633995216
4.10464185008008
3.32425391171149
2.52213418786993
1.70352640969783
0.873782096391360
0.0383255704883257
-0.797381502785067
-1.62787582028863
-2.44772815645065
-3.25157885597327
-4.03417287173372
-4.79039411882556
-5.51529892015655
-6.20414832495784
-6.85243908892684
-7.45593311347639
-8.01068515163550
-8.51306859947919
-8.95979920447933
-9.34795653578743
-9.67500307609043
-9.93880081022998
-10.1376252021391
-10.2701764687246
-10.3355880769942
-10.3334324088789
-10.2637235567188
-10.1269172311369
-9.92390778190247
-9.65602235126057
-9.32501219794913
-8.93304124862130
-8.48267195151615
-7.97684852485776
-7.41887770949301
-6.81240715159511
-6.16140155675211
-5.47011677132970
-4.74307196054703
-3.98502006514721
-3.20091672979686
-2.39588790634109
-1.57519634370216
-0.744207183488454
0.0916471137720996
0.926902282485808
1.75609797376710
2.57381345160833
3.37470303008587
4.15353101993858
4.90520595606011
5.62481388214903
6.30765047492264
6.94925179788836
7.54542348362407
8.09226815379364
8.58621089764273
9.02402264241382
9.40284126290001
9.72019029213694
9.97399511091480
10.1625965102742
10.2847615383228
10.3396915604641
10.3270274803447
10.2468520873903
10.0996895155831
9.88650181701788
9.60868267263904
9.26804828127082
8.86682548650412
8.40763721905796
7.89348534978355
7.32773106540750
6.71407289530359
6.05652253294061
5.35937861006945
4.62719859509590
3.86476899935020
3.07707408602436
2.26926328633786
1.44661753594359
0.614514751644116
-0.221605325890963
-1.05627669357112
-1.88404281901814
-2.69949231178541
-3.49729429946929
-4.27223327744613
-5.01924320441129
-5.73344062082464
-6.41015657375688
-7.04496713943267
-7.63372234393437
-8.17257329300179
-8.65799733357101
-9.08682108256328
-9.45624117237602
-9.76384257745633
-10.0076144021494
-10.1859630266117
-10.2977225248493
-10.3421622867750
-10.3189917944567
-10.2283625213320
-10.0708669419754
-9.84753465888840
-9.55982567163612
-9.20962083233023
-8.79920954985509
-8.33127482321840
-7.80887570186847
-7.23542728764104
-6.61467840906987
-5.95068711401181
-5.24779414079887
-4.51059454134648
-3.74390764172645
-2.95274553658309
-2.14228032335555
-1.31781029050634
-0.484725280796775
0.351528543959828
1.18548430632172
2.01169015206758
2.82474489083300
3.61933330554080
4.39026089979380
5.13248785607551
5.84116198276201
6.51165043455917
7.13956999899779
7.72081575099367
8.25158788814744
8.72841657135360
9.14818460832600
9.50814783175068
9.80595303884664
10.0396533750579
10.2077210613079
10.3090573816142
10.3429998657708
10.3093266201427
10.2082577782606
10.0404540617324
9.80701246088007
9.50945906333867
9.14973907749890
8.73020411601446
8.25359682250507
7.72303294195665
7.14198095203007
6.51423938843563
5.84391201260515
5.13538098399904
4.39327821243044
3.62245507768524
2.82795071439236
2.01495906947608
1.18879494754768
0.354859266208482
-0.481396251596627
-1.31450471735787
-2.13901981592168
-2.94955140991676
-3.74080077692672
-4.50759524905194
-5.24492202840963
-5.94796095750946
-6.61211603027245
-7.23304543769561
-7.80668995174330
-8.32929946191011
-8.79745749097659
-9.20810352968997
-9.55855304436074
-9.84651502657791
-10.0701069703152
-10.2278671785169
-10.3187643187121
-10.3422041651879
-10.2980334836460
-10.1865410329482
-10.0084556774004
-9.76494162191765
-9.45759080121793
-9.08841247280014
-8.65982008174022
-8.17461548317472
-7.63597062561506
-7.04740681483431
-6.41277169388644
-5.73621408974686
-5.02215689101068
-4.27526813395623
-3.50043048599443
-2.70270932600119
-1.88731963020146
-1.05959188008585
-0.224937215228469
0.611187941184777
1.44331755286092
2.26601170375061
3.07389216064069
3.86167753250529
4.62421779676649
5.35652796675440
6.05382068027072
6.71153749621447
7.32537869467074
7.89133138565158
8.40569574273152
8.86510919007836
9.26656838476289
9.60744885063885
9.88552213544208
10.0989703789454
10.2463981969331
10.3268418033052
10.3397753106766
10.2851141682836
10.1632157147205
9.97487684189524
9.72132878547436
9.40422907587385
9.02565070241566
8.58806856148725
8.09434327729649
7.54770250099271
6.95171981040641
6.31029134834757
5.62761035218757
4.90813974123047
4.15658294108312
3.37785313575168
2.57704114847656
1.75938216127866
0.930221490783126
0.0949796440545440
-0.740883117111898
-1.57190247179083
-2.39264576206309
-3.19774750815869
-3.98194448443550
-4.74011012688537
-5.46728804723832
-6.15872443456850
-6.80989913258323
-7.41655518943134
-7.97472668685485
-8.48076466675320
-8.93136098567144
-9.32356994126638
-9.65482752937034
-9.92296820576446
-10.1262390430819
-10.2633111902941
-10.3332885598650
-10.3357136857813
-10.2705707141652
-10.1382855069157
-9.93972285770432
-9.67618083852260
-9.34938231374137
-8.96146367715665
-8.51496088565233
-8.01279288078211
-7.45824250664976
-6.85493504883349
-6.20681453465359
-5.51811794971627
-4.79334753928816
-4.03724137557905
-3.25474238334140
-2.45096602628059
-1.63116686551726
-0.800704208723390
0.0349929255062167
0.870461299006091
1.70023916909845
2.51890199387330
3.32109789427576
4.10158264117144
4.85525393866604
5.57718477956082
6.26265565488386
6.90718540693604
7.50656052415220
8.05686268626830
8.55449437972177
8.99620241582927
9.37909919799383
9.70068159891266
9.95884732437645
10.1519086566863
10.2786034878420
10.3381035703739
10.3300199318797
10.2544054178708
10.1117543463026
9.90299927604923
9.62950491044658
9.29305917576010
8.89586153289839
8.44050859878497
7.92997717138467
7.36760476935627
6.75706781355144
6.10235759299296
5.40775417245266
4.67779841220321
3.91726228286051
3.13111766937863
2.32450386813663
1.50269398959863
0.671060486187039
-0.164959969278316
-0.999902024970610
-1.82830737893147
-2.64476046185850
-3.44392384053593
-4.22057311046116
-4.96963104956598
-5.68620080975386
-6.36559792927225
-7.00338095664252
-7.59538048594748
-8.13772641366543
-8.62687323886102
-9.05962324133834
-9.43314738623201
-9.74500381837664
-9.99315382554926
-10.1759751662292
-10.2922726747459
-10.3412860744859
-10.3226949480814
-10.2366208320881
-10.0836264224591
-9.86471189600924
-9.58130837191648
-9.23526855600639
-8.82885462897999
-8.36472345776450
-7.84590922666460
-7.27580360186171
-6.65813355893127
-5.99693701832757
-5.29653644811654
-4.56151060652215
-3.79666460901717
-3.00699851563886
-2.19767464388532
-1.37398382087927
-0.541310795420812
0.294900963959062
1.12918485481423
1.95608687783487
2.77020129150794
3.56620595129839
4.33889710233050
5.08322339811339
5.79431892292244
6.46753500195532
7.09847059131018
7.68300104911554
8.21730509972637
8.69788981470997
9.12161344731510
9.48570597114540
9.78778718877001
10.0258822918887
10.1984347713297
10.3043165924826
10.3428355696468
10.3137398910863
10.2172197652093
10.0539061771104
9.82486676360550
9.53159883372437
9.17601958028906
8.76045354656838
8.28761742994302
7.76060232192498
7.18285350063473
6.55814790783855
5.89056945778829
5.18448233927594
4.44450248543761
3.67546739781980
2.88240452197517
2.07049838133149
1.24505668418694
0.411475625404841
-0.424795390359000
-1.25828937327912
-2.08355748794466
-2.89520467426020
-3.68792491680043
-4.45653593204923
-5.19601304675959
-5.90152204596329
-6.56845077588753
-7.19243929518333
-7.76940837735382
-8.29558617805404
-8.76753289292800
-9.18216324478745
-9.53676665312415
-9.82902495410267
-10.0570275551906
-10.2192839253558
-10.3147333391779
-10.3427518111733
-10.3031561750018
-10.1962052808878
-10.0225983034277
-9.78347017084634
-9.48038414558261
-9.11532160470824
-8.69066908698733
-8.20920269125625
-7.67406992811502
-7.08876914357361
-6.45712664916673
-5.78327170804609
-5.07160954057347
-4.32679252588832
-3.55368978771287
-2.75735536322357
-1.94299516308134
-1.11593293861094
-0.281575478617641
0.554622736642341
1.38719519326557
2.21069908017374
3.01975087063197
3.80906151620632
4.57347102308234
5.30798218471167
6.00779325026045
6.66832931529828
7.28527222951443
7.85458882594348
8.37255728715866
8.83579147606581
9.24126307224045
9.58632136909463
9.86871060245340
10.0865846972567
10.2385193359844
10.3235212699068
10.3410348122918
10.2909454711192
10.1735806975543
9.98970774528729
9.74052865473360
9.42767239488417
9.05318421417784
8.61951227001202
8.12949162430047
7.58632570970272
6.99356538768911
6.35508573534367
5.67506071265926
4.95793587593257
4.20839931564155
3.43135100879272
2.63187078609597
1.81518512337088
0.986632974287637
0.151630867798242
-0.684362501566250
-1.51588195905013
-2.33749157739074
-3.14382021333535
-3.92959662064284
-4.68968391002369
-5.41911313074477
-6.11311575435874
-6.76715484820853
-7.37695473490693
-7.93852894390423
-8.44820627240992
-8.90265478530180
-9.29890359712618
-9.63436229379280
-9.90683786699826
-10.1145490506718
-10.2561379657212
-10.3306789969531
-10.3376848441364
-10.2771097076504
-10.1493495878928
-9.95523969648951
-9.69604899623048
-9.37347190542556
-8.98961722091211
-8.54699433212875
-8.04849681637702
-7.49738352251733
-6.89725726675786
-6.25204127981239
-5.56595355939845
-4.84347929574266
-4.08934155035732
-3.30847037977079
-2.50597060606143
-1.68708844488715
-0.857177209180353
-0.0216623127069825
0.813994197717852
1.64432934950076
2.46391495759076
3.26739311038279
4.04951119621948
4.80515624151117
5.52938833599404
6.21747292661410
6.86491176892089
7.46747233363036
8.02121547611845
8.52252118795610
8.96811226214438
9.35507571733768
9.68088184099973
9.94340072700025
10.1409161995402
10.2721370323803
10.3362053900288
10.3327024357059
10.2616510694227
10.1235157782763
9.91919959993883
9.65003821919067
9.31779123609229
8.92463066287635
8.47312672476046
7.96623105750526
7.40725741156140
6.79985998894875
6.14800955448719
5.45596747754815
4.72825787402462
3.96963803063715
3.18506730492318
2.37967470421806
1.55872535558090
0.727586085854878
-0.108309663114424
-0.943497354749369
-1.77251708128529
-2.58994925705623
-3.39045004818114
-4.16878630703483
-4.91986978312498
-5.63879038672636
-6.32084828781911
-6.96158464048414
-7.55681073190673
-8.10263536542401
-8.59549029861041
-9.03215357009904
-9.40977056264587
-9.72587266473958
-9.97839340875985
-10.1656819801834
-10.2865140095235
-10.3400995764523
-10.3260883737802
-10.2445719975342
-10.0960833481630
-9.88159314678435
-9.60250358924930
-9.26063917950764
-8.85823480220133
-8.39792111245880
-7.88270733840205
-7.31596160879255
-6.70138893442079
-6.04300698718334
-5.34511983518544
-4.61228980557643
-3.84930765905457
-3.06116127102536
-2.25300302415297
-1.43011612547141
-0.597880068252149
0.238264535584459
1.07285152261120
1.90042491207516
2.71557457351036
3.51297159461368
4.28740311816632
5.03380642026696
5.74730200708981
6.42322551380577
7.05715819713163
7.64495582216711
8.18277575467664
8.66710208170449
9.09476859630101
9.46297949610070
9.76932766043982
10.0118103865270
10.1888424817977
10.2992666268596
10.3423609412864
10.3178437027966
10.2258751889685
10.0670566294514
9.84242627552094
9.55345261267539
9.20202476064381
8.79044012356305
8.32138937106171
7.79793884843076
7.22351053087624
6.60185965289524
5.93705015902334
5.23342813643828
4.49559340310072
3.72836943717003
2.93677184427674
2.12597556879272
1.30128106344727
0.468079638455796
-0.368181783322421
-1.20203627478087
-2.02803264374085
-2.84077106925953
-3.63493840210763
-4.40534289864416
-5.14694816102144
-5.85490606184137
-6.52458843802340
-7.15161734669051
-7.73189368528002
-8.26162398877986
-8.73734522890771
-9.15594745311158
-9.51469411539481
-9.81123996605278
-10.0436463833736
-10.2103940470712
-10.3103928706025
-10.3429891274355
-10.3079697246840
-10.2055635961684
-10.0364402057971
-9.80170517105155
-9.50289303518691
-9.14195723539695
-8.72125733252732
-8.24354358581822
-7.71193897351883
-7.12991877690962
-6.50128786119931
-5.83015580181888
-5.12091001872056
-4.37818709431208
-3.60684246253060
-2.81191866721005
-1.99861239724493
-1.17224051405843
-0.338205293458234
0.498040890888552
1.33103121148816
2.15532012554238
2.96551897432547
3.75633121069034
4.52258702440996
5.25927713899612
5.96158555905354
6.62492105409136
7.24494717296617
7.81761059274917
8.33916761668356
8.80620864801269
9.21568047968033
9.56490625419021
9.85160296313966
10.0738963720265
10.2303332727621
10.3198909837891
10.3419840357015
10.2964679986581
10.1836404265698
10.0042389118881
9.75943626371072
9.45083284072704
9.08044608912576
8.65069735385868
8.16439604948044
7.62472129404335
7.03520112611548
6.39968944078466
5.72234079542789
5.00758324994728
4.26008941902770
3.48474592565462
2.68662145558873
1.87093362163111
1.04301485430323
0.208277541924381
-0.627821352024539
-1.45981596293735
-2.28226725731098
-3.08979858956811
-3.87713085103012
-4.63911698125711
-5.37077561614294
-6.06732365279718
-6.72420751832623
-7.33713293809734
-7.90209300888101
-8.41539439334981
-8.87368146468734
-9.27395824346978
-9.61360798340822
-9.89041027791516
-10.1025555756620
-10.2486570102354
-10.3277594665575
-10.3393458248003
-10.2833403409748
-10.1601091420953
-9.97045783268216
-9.71562622824889
-9.39728025020413
-9.01750103515316
-8.57877132979596
-8.08395926036176
-7.53629958268696
-6.93937253550879
-6.29708043521987
-5.61362216508993
-4.89346572572922
-4.14131902623939
-3.36209910700053
-2.56089999529542
-1.74295940390973
-0.913624490411816
-0.0783169009522284
0.757502672891104
1.58837019252342
2.40885399262262
3.21359028979524
3.99731824746339
4.75491436775470
5.48142598555997
6.17210364580126
6.82243215224459
7.42816008488252
7.98532759292278
8.49029228168699
8.93975302419182
9.33077154174538
9.66079161248107
9.92765578225455
10.1296194686596
10.2653623659606
10.3339970763830
10.3350749113358
10.2685888246434
10.1349734586076
9.93510230260322
9.67028198277845
9.34224372019293
8.95313201323306
8.50549061829192
8.00224592036355
7.44668780226282
6.84244813753508
6.19347704765618
5.50401707873694
4.77857546654621
4.02189467116929
3.23892137392262
2.43477413920581
1.61470995269375
0.784089854622149
-0.0516561071666099
-0.887064375304518
-1.71667360004297
-2.53506034196465
-3.33687452686249
-4.11687442100714
-4.86996089815277
-5.59121077427129
-6.27590899209050
-6.91957944503775
-7.51801423908045
-8.06730120116887
-8.56384945445039
-9.00441289306079
-9.38611140302887
-9.70644969056696
-9.96333359466092
-10.1550837773168
-10.2804467019684
-10.3386028282745
-10.3291719697349
-10.2522157790993
-10.1082373453224
-9.89817790469930
-9.62341068768151
-9.28573194159959
-8.88734918797993
-8.43086679122039
-7.91926893296963
-7.35590010350994
-6.74444323768018
-6.08889563826983
-5.39354284428262
-4.66293061490190
-3.90183521230719
-3.11523217761313
-2.30826380405510
-1.48620552005763
-0.654431401954832
0.181620958187163
1.01648599996975
1.84470592490090
2.66086637589104
3.45963183275967
4.23578049235535
4.98423840527078
5.70011264598587
6.37872329959700
7.01563405602245
7.60668121167853
8.14800088903608
8.63605429610956
9.06765086075155
9.43996908851445
9.75057500772592
9.99743808119403
10.1789444805241
10.2939076362672
10.3415759949306
10.3216379321404
10.2342237898362
10.0799050241820
9.85969046976095
9.57501974447882
9.22775383828918
8.82016294726467
8.35491163254890
7.83504140120802
7.26395082285853
6.64537331205420
5.98335272167736
5.28221690688914
4.54654943245922
3.78115960843369
2.99105105002974
2.18138896729121
1.35746639834140
0.524669606982885
-0.311557129153148
-1.14574710971225
-1.97244694930850
-2.78625222817108
-3.58184282268527
-4.35401768486123
-5.09772884336534
-5.80811440383572
-6.48053033275023
-7.11058081706178
-7.69414700113375
-8.22741391310837
-8.70689540468313
-9.12945694125572
-9.49233609344942
-9.79316059605896
-10.0299638563602
-10.2011978103999
-10.3057430432195
-10.3429161068538
-10.3124739882641
-10.2146156979979
-10.0499809691883
-9.81964607540022
-9.52511679466144
-9.16831856567612
-8.75158390057338
-8.27763713647734
-7.74957662558258
-7.17085448016591
-6.54525400494642
-5.87686496432880
-5.17005684621278
-4.42945029715575
-3.65988691562529
-2.86639760081248
-2.05416966392206
-1.22851291694447
-0.394824960597684
0.441444101636609
1.27482729270391
2.09987650147776
2.91119809892518
3.70348819810700
4.47156732750129
5.21041429098092
5.91519899309165
6.58131401503911
7.20440473496173
7.78039779558420
8.30552773314849
8.77636159353861
9.18982137467698
9.54320414847664
9.83419973080792
10.0609057839623
10.2218402528853
10.3159510538773
10.3426229524248
10.3016815851991
10.1933945999292
10.0184699056965
9.77805104509133
9.47370971848341
9.10743550927895
8.68162287733270
8.19905550554460
7.66288810197201
7.07662577642348
6.44410112635637
5.76944918187571
5.05708037362708
4.31165170030267
3.53803628424643
2.74129151418556
1.92662598335015
1.09936543911673
0.264917966774396
-0.571261364978891
-1.40370616568808
-2.22697445880475
-3.03568425775163
-3.82454874981018
-4.58841085782416
-5.32227695377865
-6.02134950385528
-6.68105843155211
-7.29709099383782
-7.86541997502940
-8.38233001407873
-8.84444189315982
-9.24873462877133
-9.59256522094042
-9.87368593141776
-10.0902589779115
-10.2408685482995
-10.3245300562774
-10.3406965779361
-10.2892624271910
-10.1705638466876
-9.98537680966882
-9.73491194717156
-9.42080663371816
-9.04511428323820
-8.61029092519904
-8.11917914870107
-7.57498951949913
-6.98127959143620
-6.34193064949597
-5.66112233651510
-4.94330532942697
-4.19317224366400
-3.41562695592380
-2.61575254585036
-1.79877806620145
-0.970044358741763
-0.134969139333128
0.700988419529666
1.53236337719627
2.35372075104893
3.15969104684316
3.94500536093005
4.70452982488190
5.43329916734785
6.12654917373068
6.77974783148938
7.38862495745553
7.94920011348170
8.45780862792887
8.91112555287800
9.30618740045312
9.64041151615533
9.91161296255960
10.1180188029981
10.2582796918540
10.3314786956958
10.3371372875846
10.2752184753686
10.1461270435138
9.95070690688868
9.69023559380470
9.36641589437594
8.98136472879775
8.53759930831471
8.03802067934945
7.48589475836895
6.88483098147177
6.23875870826813
5.55190153431174
4.82874968001074
4.07403063651899
3.29267826050976
2.48980051986540
1.67064610114385
0.840570097117730
0.00499899870014757
-0.830604779882881
-1.66077861076362
-2.48009536350118
-3.28319888408995
-4.06483900997148
-4.81990589214391
-5.54346339999359
-6.23078139047022
-6.87736663065083
-7.47899217154059
-8.03172498108604
-8.53195165575054
-8.97640204257041
-9.36217061726357
-9.68673547863659
-9.94797483511558
-10.1441808756238
-10.2740709341274
-10.3367958748619
-10.3319456434235
-10.2595519474349
-10.1200880492621
-9.91446567213573
-9.64402903990476
-9.31054608938511
-8.91619691275143
-8.46355950552869
-7.95559291335278
-7.39561788767728
-6.78729517688398
-6.13460159471816
-5.44180402249668
-4.71343151504339
-3.95424569270895
-3.16920961302831
-2.36345532551581
-1.54225032170029
-0.710963099731018
0.124971931332825
0.960089978112529
1.78893158813583
2.60607834014550
3.40618826617289
4.18403077381213
4.93452084039130
5.65275225550674
6.33402969459881
6.97389941389623
7.56817836606264
8.11298154620924
8.60474738950033
9.04026105432247
9.41667543880389
9.73152979329358
9.98276580712451
10.1687410644943
10.2882397814995
10.3404807541314
10.3251224652736
10.2422653173162
10.0924509757916
9.87665882832097
9.59629958202233
9.25320604123543
8.84962112585274
8.38818320858389
7.87190886701102
7.30417316318833
6.68868757970683
6.02947575646206
5.33084718674295
4.59736904459985
3.83383632766482
3.04524051061047
2.23673691417214
1.41361100305259
0.581243833028966
-0.254923126848973
-1.08942356700506
-1.91680207247246
-2.73164978680901
-3.52863977164282
-4.30256183069091
-5.04835657059535
-5.76114847590983
-6.43627778201222
-7.06933093758017
-7.65616945748768
-8.19295697749754
-8.67618433388792
-9.10269250405609
-9.46969325813073
-9.77478738658473
-10.0159803846887
-10.1916954912709
-10.3007839965451
-10.3425327516192
-10.3166688305938
-10.2233613147718
-10.0632201873167
-9.83729234558341
-9.54705475719202
-9.19440480458541
-8.78164788119022
-8.31148232027163
-7.78698175500500
-7.21157502508434
-6.58902376122334
-5.92339779408788
-5.21904854842116
-4.48058059628991
-3.71282155542145
-2.92079052941430
-2.10966529614093
-1.28474845884042
-0.451432781187833
0.384834067048375
1.21858512328722
2.04436987154129
2.85678987430503
3.65053406398766
4.42041346317960
5.16139510677436
5.86863494418334
6.53750950655192
7.16364613195878
7.74295155100215
8.27163864590341
8.74625120819159
9.16368653312142
9.52121570311602
9.81650142763466
10.0476133228411
10.2130405311835
10.3117015983871
10.3429515432911
10.3065860743110
10.2028429249628
10.0324002997176
9.79637244034692
9.49630234174269
9.13415166483176
8.71228791252709
8.23346895255116
7.70082498831041
7.11783809568456
6.48831945950534
5.81638445853592
5.10642576183258
4.36308461236314
3.59122048561395
2.79587932153495
1.98226053750330
1.15568303795317
0.321550442877229
-0.514684237487306
-1.34755425085198
-2.17161484090861
-2.98147884156309
-3.77185189468532
-4.53756706113953
-5.27361859883334
-5.97519468696756
-6.63770888255544
-7.25683010356964
-7.82851094270767
-8.34901412667913
-8.81493694803965
-9.22323350985449
-9.57123463776840
-9.85666532931262
-10.0776596263742
-10.2327728136029
-10.3209908630097
-10.3417370630150
-10.2948757886093
-10.1807133879809
-9.99999617981201
-9.75390557433904
-9.44405035006885
-9.07245613664371
-8.64155217260661
-8.15415542463767
-7.61345217207927
-7.02297717713709
-6.38659057692982
-5.70845264845218
-4.99299661142051
-4.24489964679773
-3.46905232046130
-2.67052661189958
-1.85454275694756
-1.02643512131728
-0.191617328024311
0.644453133318875
1.47631058397948
2.29851688711824
3.10569699874966
3.89257410624425
4.65400412465924
5.38500932538160
6.08081087724428
6.73686008737975
7.34886813758320
7.91283412178427
8.42507120133941
8.88223070715778
9.28132403109717
9.61974216351815
9.89527274927304
10.1061145506284
10.2508892225730
10.3286503235303
10.3388895025714
10.2815398226787
10.1569761983364
9.96601294458598
9.70989845357001
9.39030703336589
9.00932796246051
8.56945183142194
8.07355426105676
7.52487710349242
6.92700724908031
6.28385317766637
5.59961940752088
4.87877900896297
4.12604436236979
3.34633635173244
2.54475219515461
1.72653212259210
0.897025118676765
0.0616539545738517
-0.774120262529662
-1.60483379055169
-2.42505597086628
-3.22942473037760
-4.01268163522751
-4.76970626697660
-5.49554969653262
-6.18546683699238
-6.83494746390000
-7.43974570012715
-7.99590777262455
-8.49979785959038
-8.94812185908109
-9.33794892368288
-9.66673062046470
-9.93231759095666
-10.1329736022412
-10.2673868973027
-10.3346787704313
-10.3344093116231
-10.2665802824226
-10.1316351044068
-9.93045596038629
-9.66435802727451
-9.33508087832641
-8.94477711095260
-8.49599827445293
-7.99167818966651
-7.43511376957959
-6.82994346627848
-6.18012348514155
-5.48990192177216
-4.76379099074332
-4.00653752770628
-3.22309195770182
-2.41857593253817
-1.59824884879989
-0.767473465371515
0.0683191547504558
0.903665149177109
1.73310357526455
2.55121211016425
3.35264249840380
4.13215551526383
4.88465521738234
5.60522225667999
6.28914603982259
6.93195552298247
7.52944844058069
8.07771877693604
8.57318230122663
9.01259999883293
9.39309924588454
9.71219258858598
9.96779400455351
10.1582325398571
10.2822632326181
10.3390752517510
10.3282971976443
10.2499995301260
10.1046941078446
9.89333084207295
9.61729148681371
9.27838060580061
8.87881377544772
8.42120310086782
7.90854013964755
7.34417634501207
6.73180115622812
6.07541787947617
5.37931751686916
4.64805071470261
3.88639801432188
3.09933860008781
2.29201774874511
1.46971319298696
0.637800619109542
-0.198281475688395
-1.03306733662232
-1.86109968283209
-2.67696538349542
-3.47533084531458
-4.25097688004336
-4.99883282410455
-5.71400968725525
-6.39183211358737
-7.02786894593008
-7.61796219384112
-8.15825421581276
-8.64521293799420
-9.07565494456758
-9.44676628882702
-9.75612088891021
-10.0016963879269
-10.1818873747970
-10.2955158793732
-10.3418390732342
-10.3205541258085
-10.2318001840819
-10.0761574629454
-9.85464345213243
-9.56870626453996
-9.22021516941876
-8.81144837232122
-8.34507812169106
-7.82415323946183
-7.25207918986328
-6.63259581673767
-5.96975289489913
-5.26788365537147
-4.53157645757214
-3.76564479363820
-2.97509582098017
-2.16509762877962
-1.34094545242341
-0.508027056735605
0.328212485682770
1.16230639075909
1.98880190118517
2.80229593296018
3.59747039719757
4.36912696629437
5.11222105717551
5.82189480946198
6.49350884296471
7.12267258690149
7.70527298256113
8.23750137177532
8.71587839542020
9.13727673917816
9.49894157786198
9.79850858464954
10.0340193874972
10.2039343716882
10.3071427448216
10.3429697984412
10.3111813188366
10.2119851181779
10.0460296759763
9.81439989975226
9.51861003262308
9.16059375417767
8.74269153935119
8.26763535793984
7.73853081477914
7.15883684734164
6.53234311348004
5.86314521713642
5.15561793397710
4.41438661198731
3.64429693398913
2.85038323975400
2.03783561480021
1.21196596102819
0.378173271000466
-0.458091667120897
-1.29136190324288
-2.11619006466341
-2.92718396741188
-3.71904186680165
-4.48658711674888
-5.22480201127906
-5.92886058698875
-6.59416017202038
-7.21635147530279
-7.79136701935503
-8.31544773077913
-8.78516751460990
-9.19745565186908
-9.54961687390681
-9.83934898229544
-10.0647578990881
-10.2243700490545
-10.3171419929464
-10.3424672488176
-10.3001802568035
-10.1905574614426
-10.0143155044641
-9.77260653985578
-9.46701070183882
-9.09952577498954
-8.67255413403860
-8.18888703872414
-7.65168638637270
-7.06446404149393
-6.43105887751992
-5.75561168077619
-5.04253808074488
-4.29649968358326
-3.52237359760815
-2.72522054997158
-1.91025180295332
-1.08279508615816
-0.248259767321913
0.587898510574712
1.42021349471220
2.24324405719822
3.05160976558213
3.84002605658272
4.60333878308749
5.33655790857695
6.03489012869931
6.69377020674341
7.30889081815154
7.87623070897598
8.39208098419070
8.85306935400816
9.25618217969201
9.59878417474447
9.87863563267578
10.0939070687324
10.2431911798652
10.3255120447504
10.3403315037217
10.2875526769043
10.1675205975514
9.98101995644408
9.72926997209901
9.41391642031967
9.03702087519664
8.60104723189264
8.10884559931643
7.56363366798489
6.96897567488021
6.32875910281139
5.64716926661040
4.92866195229501
4.17793428807230
3.39989403760347
2.59962751627256
1.78236634020268
0.953453225391579
0.118307060548182
-0.717612518038277
-1.54884081800707
-2.36994381549246
-3.17555367919502
-3.96040386173420
-4.71936352886891
-5.44747110151773
-6.13996669129988
-6.79232321755393
-7.40027600241296
-7.95985065046383
-8.46738903073060
-8.91957319112738
-9.31344704904797
-9.64643571628830
-9.91636233197285
-10.1214622934384
-10.2603947920459
-10.3322515785054
-10.3365629004125
-10.2733005731804
-10.1428781642923
-9.94614828966932
-9.68439703982837
-9.35933557226804
-8.97308892504708
-8.52818212468243
-8.02752367918768
-7.47438656416049
-6.87238682622050
-6.22545994367545
-5.53783509895310
-4.81400753098801
-4.05870914830537
-3.27687759491742
-2.47362397125260
-1.65419942114508
-0.823960803308221
0.0116643282821632
0.847213206166416
1.67722356138205
2.49626933218468
3.29899613607005
4.08015627320545
4.83464303244000
5.55752407562249
6.24407368198338
6.88980364178928
7.49049259730668
8.04221363926063
8.54135997838546
8.98466852424075
9.36924121714985
9.69256397380759
9.95252312270359
10.1474192219164
10.2759781689466
10.3373595299609
10.3311620339960
10.2574261962040
10.1166340529910
9.90970601078022
9.63799482900006
9.30327677663282
8.90774002013675
8.45397031865291
7.94493412001236
7.38395916805176
6.77471274801347
6.12117771224658
5.42762644293731
4.69859292208613
3.93884309131388
3.15334369527237
2.34722981233270
1.52577128482280
0.694338268262364
-0.141633875179267
-0.976680109508095
-1.80534145171369
-2.62220065901168
-3.42191764321174
-4.19926438070249
-4.94915908983184
-5.66669945225085
-6.34719466104865
-6.98619608616047
-7.57952635658673
-8.12330666929513
-8.61398214628515
-9.04834507404056
-9.42355587345186
-9.73716166311556
-9.98711229465994
-10.1717737552667
-10.2899388497715
-10.3408350925121
-10.3241297573318
-10.2399320527235
-10.0887924078971
-9.87169887443506
-9.59007066706106
-9.24574888574757
-8.84098447981560
-8.37842353270854
-7.86108996363870
-7.29236575919283
-6.67596886412879
-6.01592887589801
-5.31656070178713
-4.58243635089403
-3.81835504533775
-3.02931184610311
-2.22046499861548
-1.39710221152704
-0.564606089154924
0.271581056445903
1.10599278373845
1.93317425770221
2.74771790995711
3.54429878988944
4.31770937567440
5.06289361763065
5.77497999134524
6.44931334449794
7.08148532918330
7.66736322079042
8.20311693503838
8.68524406654750
9.11059278526158
9.47638244104012
9.78022174172016
10.0201243858107
10.1945220476261
10.3022746299672
10.3426777173275
10.3154671808977
10.2208209052668
10.0593576255290
9.83213288240126
9.54063212179200
9.18676098393313
8.77283284555714
8.30155369656258
7.77600445003095
7.19962080124474
6.57617076737018
5.90973005464083
5.20465541407061
4.46555615988083
3.69726403683618
2.90480163347618
2.09334954773454
1.26821251959695
0.434784752200885
-0.401485351915752
-1.23513080888717
-2.06070179306509
-2.87280126439228
-3.66612025070140
-4.43547255428342
-5.17582865583632
-5.88234859415354
-6.55041360660731
-7.17565632358105
-7.75398931945865
-8.28163183352421
-8.75513448608919
-9.17140182826832
-9.52771257798734
-9.82173740993581
-10.0515541831639
-10.2156605067755
-10.3129835615712
-10.3428871134352
-10.3051756726151
-10.2000957717055
-10.0283343539800
-9.79101428260763
-9.48968700011250
-9.12632238606302
-8.70329587929446
-8.22337294885328
-7.68969101517862
-7.10573893971127
-6.47533421701401
-5.80259801850050
-5.09192825092993
-4.34797080578336
-3.57558918748316
-2.77983271899835
-1.96590353269284
-1.13912256220785
-0.304894757693994
0.531326248194074
1.36407379256308
2.18790391972642
2.99743097020467
3.78736278862704
4.55253532035875
5.28794637069712
5.98878830592824
6.65047948247340
7.26869419866288
7.83939097332625
8.35883896633946
8.82364236840294
9.23076260060811
9.57753817866964
9.86170211195725
10.0813967235904
10.2351857947072
10.3220639535189
10.3414632477691
10.2932568576324
10.1777599247787
9.99572749218434
9.74834956815774
9.43724334684774
9.06444263609247
8.63238456172047
8.14389363522682
7.60216328897288
7.01073499962709
6.37347513632052
5.69454968486720
4.97839701329093
4.22969885669291
3.45334971114761
2.65442483670879
1.83814707869415
1.00985272416133
0.174956616771000
-0.661083241898476
-1.49280137317430
-2.31476055099614
-3.12158734692011
-3.90800725806357
-4.66887918833206
-5.39922905752618
-6.09428231860519
-6.74949517053441
-7.36058426266937
-7.92355469648225
-8.43472614158353
-8.89075689529967
-9.28866572852688
-9.62585137504718
-9.90010953689473
-10.1096472946069
-10.2530948281519
-10.3295143719111
-10.3384063451742
-10.2797126180687
-10.1538168915755
-9.96154218914356
-9.70414547630458
-9.38330944345852
-9.00113150555118
-8.56011009055458
-8.06312830638851
-7.51343509305693
-6.91462398321545
-6.27060961001933
-5.58560211582535
-4.86407962905185
-4.11075898912023
-3.33056491086044
-2.52859778996672
-1.71010035996325
-0.880423418663089
-0.0449908481697620
0.790735842895463
1.62129322314389
2.44125165474100
3.24525078880660
4.02803460785073
4.78448578615818
5.50965914349720
6.19881397345688
6.84744503506535
7.45131200509376
8.00646719849872
8.50928137579123
8.95646746861770
9.34510206844948
9.67264453790619
9.93695361977063
10.1363014351209
10.2693847790656
10.3353336402405
10.3337168883707
10.2645450927164
10.1282704529783
9.92578384311326
9.65840898738670
9.32789380673328
8.93639899200088
8.48648387877360
7.98108971611989
7.42352043864128
6.81742106752000
6.16675388176952
5.47577251545930
4.74899415025342
3.99116998505000
3.20725417576472
2.40237144832119
1.58178359656140
0.750855084100847
-0.0849820250079524
-0.920263577536649
-1.74952905211862
-2.56735725654970
-3.36840176797340
-4.14742588427913
-4.89933685821514
-5.61921919041946
-6.30236676372346
-6.94431360864738
-7.54086309897441
-8.08811538653064
-8.58249289582697
-9.02076371189577
-9.40006270842362
-9.71791027806372
-9.97222854247722
-10.1613549361345
-10.2840530750762
-10.3395208395771
-10.3273956178783
-10.2477566767035
-10.1011246430659
-9.88845810075070
-9.61114732372577
-9.27100518744371
-8.87025531745572
-8.41151755280957
-7.89779081926536
-7.33243352429220
-6.71914160200771
-6.06192435159425
-5.36507822713539
-4.63315875022656
-3.87095072897203
-3.08343697805497
-2.27576574437479
-1.45321705119332
-0.621168180816344
0.214941478539069
1.04964599189062
1.87748861017484
2.69305744288555
3.49102083745328
4.26616223408191
5.01341426818754
5.72789189749175
6.40492433721845
7.04008559460935
7.62922340315527
8.16848636738261
8.65434914074305
9.08363547201187
9.45353896952723
9.76164144753495
10.0059287346951
10.1848038414095
10.2970973998897
10.3420753087137
10.3194435318989
10.2293500211156
10.0723837484764
9.84957085622348
9.56236794848658
9.21265256896227
8.80271092676868
8.33522295071454
7.81324476968618
7.24018873368916
6.61980110614615
5.95613757329205
5.25353673076571
4.51659172072377
3.75012020490047
2.95913286990178
2.14880067063555
1.32442102600606
0.491383187875573
-0.344866990318750
-1.17886265497458
-2.00515169101497
-2.81833236423255
-3.61308863427400
-4.38422490741327
-5.12670000192938
-5.83566010403336
-6.50647049891214
-7.13474586944466
-7.71637896452002
-8.24756744954526
-8.72483876360557
-9.14507282078581
-9.50552240723853
-9.80383114066098
-10.0380488747734
-10.2066444480920
-10.3085156936560
-10.3429966442698
-10.3098618861590
-10.2093280325770
-10.0420523077302
-9.80912825027821
-9.51207856449783
-9.15284516584360
-8.73377648598188
-8.25761212029044
-7.72746491818405
-7.14680063335434
-6.51941526695054
-5.84941025182129
-5.14116564004531
-4.39931146903002
-3.62869749337550
-2.83436148036563
-2.02149627636102
-1.19541585938590
-0.361520599833142
0.474738043602834
1.30789316197981
2.13249813515893
2.94316223822837
3.73458588251485
4.50159526080794
5.23917617031033
5.94250679219541
6.60698921348888
7.22827948519881
7.80231602019535
8.32534614519861
8.79395063328561
9.20506605654844
9.55600481277022
9.84447269520029
10.0685838905697
10.2268733072970
10.3183061532941
10.3422847007560
10.2986521937116
10.1876938727918
10.0101351105135
9.76713666927130
9.46028711303612
9.09159242236997
8.66346288064294
8.17869731718746
7.64046481039173
7.05228397035118
6.41799993650882
5.74175924066325
5.02798269967181
4.28133651505714
3.50670176845141
2.70914251229449
1.89387266439053
1.06622192274385
0.231600923497117
-0.604534130246496
-1.43671713749259
-2.25950783312635
-3.06752735278827
-3.85549339635216
-4.61825476012678
-5.35082501203929
-6.04841508964726
-6.70646460787839
-7.32067167182915
-7.88702099972359
-8.40181017218516
-8.86167383621795
-9.26360570567224
-9.60497821436525
-9.88355969338027
-10.0975289602509
-10.2454872246531
-10.3264672327771
-10.3399395905963
-10.2858162246970
-10.1644509580446
-9.97663719692172
-9.72360274415998
-9.40700177257225
-9.02890401105989
-8.59178121408511
-8.09849100296762
-7.55225818463496
-6.95665366995643
-6.31557112947731
-5.63320153916029
-4.91400578254407
-4.16268548841797
-3.38415229466711
-2.58349573921528
-1.76594998797185
-0.936859617300157
-0.101644674690176
0.734234753943303
1.56531423871471
2.38616072861388
3.19140806921927
3.97579208308788
4.73418498348249
5.46162889647036
6.15336827224123
6.80488097376228
7.41190783953860
7.97048052720672
8.47694745594848
8.92799767812377
9.32068252406798
9.65243487855591
9.92108596291090
10.1248795130549
10.2624832608069
10.3329976433758
10.3359616841110
10.2713560060636
10.1396029586610
9.94156385666359
9.67853334945568
9.35223095747907
8.96478983114010
8.51874280567449
8.01700584313773
7.46285896976210
6.85992483330289
6.21214502055180
5.52375428983238
4.79925288693830
4.04337712548453
3.26106842400514
2.45744100221002
1.63774844757825
0.807349370862180
-0.0283276249886139
-0.863819433460650
-1.69366415867284
-2.51243682166110
-3.31478482532015
-4.09546294616457
-4.84936762414915
-5.57157032638572
-6.25734976665267
-6.90222277005573
-7.50197358107862
-8.05268142341787
-8.55074613144078
-8.99291168569972
-9.37628749864452
-9.69836731138455
-9.95704557795902
-10.1506312300126
-10.2778587318874
-10.3378963538628
-10.3303516094574
-10.2552738212475
-10.1131537984283
-9.90492062822632
-9.63193560213848
-9.29598331670320
-8.89926000698283
-8.44435918902262
-7.93425470514894
-7.37228128294550
-6.76211273499561
-6.10773794191430
-5.41343477566873
-4.68374213366697
-3.92343026643067
-3.13746959283524
-2.33099820678267
-1.50928828771968
-0.677711634599746
0.158295451407328
0.993267705875741
1.82174662942673
2.63831617180938
3.43763813847120
4.21448708816649
4.96378449345205
5.68063194075860
6.36034315299846
6.99847462536069
7.59085467402436
8.13361070788280
8.62319454499570
9.05640560827122
9.43041184873153
9.74276825958759
9.99143286008464
10.1747800446291
10.2916112099294
10.3411625906747
10.3231102525315
10.2375722098121
10.0851076539754
9.86671329800036
9.58381686053276
9.23826773239904
8.83232488650680
8.36864211016435
7.85025065636559
7.28053942745232
6.66323282069858
6.00236638065264
5.30226041739972
4.56749176321682
3.80286385225561
3.01337531884620
2.20418731971696
1.38058979374455
0.547966879813927
-0.288238281139245
-1.12255912980604
-1.94954142526977
-2.76377890124951
-3.55994860870953
-4.33284571380103
-5.07741752364141
-5.78879651749606
-6.46233216742919
-7.09362134039363
-7.67853708302148
-8.21325560092896
-8.69428125616856
-9.11846941941199
-9.48304702746682
-9.78563071174079
-10.0242423791374
-10.1973221435269
-10.3037385232572
-10.3427958380350
-10.3142387568274
-10.2182539670471
-10.0554689541137
-9.82694789936608
-9.53418472314553
-9.17909331852680
-8.76399503954380
-8.29160352570468
-7.76500696200061
-7.18764789038487
-6.56330070469652
-5.89604697615759
-5.19024877074455
-4.45052013286947
-3.68169692179436
-2.88880519796216
-2.07702836592171
-1.25167328863639
-0.418135594705551
0.418135594705500
1.25167328863634
2.07702836592166
2.88880519796212
3.68169692179432
4.45052013286942
5.19024877074451
5.89604697615755
6.56330070469649
7.18764789038483
7.76500696200058
8.29160352570465
8.76399503954377
9.17909331852678
9.53418472314551
9.82694789936606
10.0554689541137
10.2182539670471
10.3142387568274
10.3427958380350
10.3037385232572
10.1973221435269
10.0242423791374
9.78563071174080
9.48304702746684
9.11846941941201
8.69428125616859
8.21325560092899
7.67853708302152
7.09362134039366
6.46233216742923
5.78879651749610
5.07741752364146
4.33284571380108
3.55994860870958
2.76377890124956
1.94954142526982
1.12255912980609
0.288238281139296
-0.547966879813876
-1.38058979374450
-2.20418731971691
-3.01337531884615
-3.80286385225556
-4.56749176321677
-5.30226041739968
-6.00236638065260
-6.66323282069855
-7.28053942745229
-7.85025065636556
-8.36864211016433
-8.83232488650678
-9.23826773239902
-9.58381686053274
-9.86671329800034
-10.0851076539754
-10.2375722098121
-10.3231102525315
-10.3411625906747
-10.2916112099294
-10.1747800446291
-9.99143286008466
-9.74276825958760
-9.43041184873155
-9.05640560827124
-8.62319454499573
-8.13361070788283
-7.59085467402439
-6.99847462536073
-6.36034315299850
-5.68063194075864
-4.96378449345209
-4.21448708816653
-3.43763813847124
-2.63831617180943
-1.82174662942678
-0.993267705875791
-0.158295451407378
0.677711634599696
1.50928828771963
2.33099820678262
3.13746959283519
3.92343026643062
4.68374213366693
5.41343477566869
6.10773794191426
6.76211273499557
7.37228128294546
7.93425470514890
8.44435918902259
8.89926000698280
9.29598331670318
9.63193560213846
9.90492062822630
10.1131537984283
10.2552738212475
10.3303516094574
10.3378963538628
10.2778587318874
10.1506312300126
9.95704557795903
9.69836731138457
9.37628749864455
8.99291168569975
8.55074613144081
8.05268142341790
7.50197358107866
6.90222277005577
6.25734976665271
5.57157032638576
4.84936762414919
4.09546294616462
3.31478482532020
2.51243682166115
1.69366415867289
0.863819433460700
0.0283276249886646
-0.807349370862130
-1.63774844757820
-2.45744100220997
-3.26106842400509
-4.04337712548449
-4.79925288693825
-5.52375428983234
-6.21214502055175
-6.85992483330285
-7.46285896976206
-8.01700584313769
-8.51874280567446
-8.96478983114007
-9.35223095747905
-9.67853334945566
-9.94156385666358
-10.1396029586610
-10.2713560060636
-10.3359616841110
-10.3329976433758
-10.2624832608069
-10.1248795130549
-9.92108596291091
-9.65243487855592
-9.32068252406801
-8.92799767812379
-8.47694745594851
-7.97048052720675
-7.41190783953864
-6.80488097376232
-6.15336827224127
-5.46162889647040
-4.73418498348253
-3.97579208308793
-3.19140806921931
-2.38616072861393
-1.56531423871476
-0.734234753943354
0.101644674690125
0.936859617300107
1.76594998797180
2.58349573921523
3.38415229466706
4.16268548841792
4.91400578254402
5.63320153916024
6.31557112947727
6.95665366995639
7.55225818463493
8.09849100296759
8.59178121408509
9.02890401105987
9.40700177257223
9.72360274415997
9.97663719692171
10.1644509580446
10.2858162246970
10.3399395905963
10.3264672327771
10.2454872246531
10.0975289602509
9.88355969338029
9.60497821436527
9.26360570567226
8.86167383621797
8.40181017218519
7.88702099972362
7.32067167182919
6.70646460787842
6.04841508964730
5.35082501203933
4.61825476012682
3.85549339635220
3.06752735278832
2.25950783312640
1.43671713749264
0.604534130246547
-0.231600923497067
-1.06622192274380
-1.89387266439048
-2.70914251229444
-3.50670176845137
-4.28133651505709
-5.02798269967177
-5.74175924066321
-6.41799993650878
-7.05228397035114
-7.64046481039169
-8.17869731718743
-8.66346288064292
-9.09159242236994
-9.46028711303610
-9.76713666927129
-10.0101351105135
-10.1876938727918
-10.2986521937116
-10.3422847007560
-10.3183061532942
-10.2268733072970
-10.0685838905697
-9.84447269520030
-9.55600481277024
-9.20506605654846
-8.79395063328563
-8.32534614519864
-7.80231602019539
-7.22827948519885
-6.60698921348892
-5.94250679219545
-5.23917617031038
-4.50159526080798
-3.73458588251490
-2.94316223822842
-2.13249813515898
-1.30789316197986
-0.474738043602885
0.361520599833091
1.19541585938585
2.02149627636097
2.83436148036558
3.62869749337546
4.39931146902998
5.14116564004527
5.84941025182125
6.51941526695050
7.14680063335431
7.72746491818402
8.25761212029041
8.73377648598185
9.15284516584358
9.51207856449781
9.80912825027820
10.0420523077302
10.2093280325770
10.3098618861590
10.3429966442698
10.3085156936560
10.2066444480920
10.0380488747734
9.80383114066100
9.50552240723855
9.14507282078583
8.72483876360559
8.24756744954529
7.71637896452005
7.13474586944470
6.50647049891218
5.83566010403340
5.12670000192943
4.38422490741332
3.61308863427405
2.81833236423260
2.00515169101502
1.17886265497463
0.344866990318800
-0.491383187875522
-1.32442102600601
-2.14880067063550
-2.95913286990173
-3.75012020490042
-4.51659172072373
-5.25353673076567
-5.95613757329201
-6.61980110614611
-7.24018873368912
-7.81324476968614
-8.33522295071451
-8.80271092676865
-9.21265256896225
-9.56236794848656
-9.84957085622346
-10.0723837484763
-10.2293500211156
-10.3194435318989
-10.3420753087137
-10.2970973998897
-10.1848038414095
-10.0059287346951
-9.76164144753497
-9.45353896952725
-9.08363547201189
-8.65434914074308
-8.16848636738264
-7.62922340315531
-7.04008559460938
-6.40492433721850
-5.72789189749180
-5.01341426818758
-4.26616223408195
-3.49102083745333
-2.69305744288560
-1.87748861017489
-1.04964599189067
-0.214941478539120
0.621168180816293
1.45321705119327
2.27576574437474
3.08343697805492
3.87095072897198
4.63315875022652
5.36507822713535
6.06192435159421
6.71914160200767
7.33243352429217
7.89779081926532
8.41151755280954
8.87025531745570
9.27100518744368
9.61114732372575
9.88845810075069
10.1011246430659
10.2477566767035
10.3273956178783
10.3395208395771
10.2840530750762
10.1613549361345
9.97222854247723
9.71791027806374
9.40006270842364
9.02076371189579
8.58249289582700
8.08811538653067
7.54086309897444
6.94431360864742
6.30236676372350
5.61921919041951
4.89933685821519
4.14742588427917
3.36840176797345
2.56735725654975
1.74952905211867
0.920263577536700
0.0849820250080031
-0.750855084100797
-1.58178359656135
-2.40237144832114
-3.20725417576467
-3.99116998504996
-4.74899415025337
-5.47577251545925
-6.16675388176948
-6.81742106751996
-7.42352043864125
-7.98108971611985
-8.48648387877358
-8.93639899200086
-9.32789380673326
-9.65840898738668
-9.92578384311324
-10.1282704529783
-10.2645450927164
-10.3337168883707
-10.3353336402405
-10.2693847790656
-10.1363014351209
-9.93695361977064
-9.67264453790621
-9.34510206844951
-8.95646746861772
-8.50928137579126
-8.00646719849875
-7.45131200509380
-6.84744503506539
-6.19881397345692
-5.50965914349724
-4.78448578615823
-4.02803460785078
-3.24525078880665
-2.44125165474105
-1.62129322314394
-0.790735842895514
0.0449908481697113
0.880423418663039
1.71010035996320
2.52859778996668
3.33056491086039
4.11075898912018
4.86407962905181
5.58560211582530
6.27060961001929
6.91462398321541
7.51343509305689
8.06312830638848
8.56011009055455
9.00113150555116
9.38330944345850
9.70414547630457
9.96154218914355
10.1538168915755
10.2797126180687
10.3384063451742
10.3295143719111
10.2530948281519
10.1096472946069
9.90010953689474
9.62585137504720
9.28866572852690
8.89075689529969
8.43472614158356
7.92355469648228
7.36058426266940
6.74949517053444
6.09428231860523
5.39922905752622
4.66887918833211
3.90800725806362
3.12158734692016
2.31476055099619
1.49280137317435
0.661083241898527
-0.174956616770949
-1.00985272416128
-1.83814707869410
-2.65442483670874
-3.45334971114756
-4.22969885669287
-4.97839701329088
-5.69454968486716
-6.37347513632048
-7.01073499962705
-7.60216328897284
-8.14389363522679
-8.63238456172045
-9.06444263609244
-9.43724334684772
-9.74834956815772
-9.99572749218433
-10.1777599247787
-10.2932568576324
-10.3414632477691
-10.3220639535189
-10.2351857947072
-10.0813967235905
-9.86170211195726
-9.57753817866966
-9.23076260060814
-8.82364236840297
-8.35883896633949
-7.83939097332628
-7.26869419866292
-6.65047948247344
-5.98878830592828
-5.28794637069717
-4.55253532035879
-3.78736278862708
-2.99743097020472
-2.18790391972647
-1.36407379256313
-0.531326248194124
0.304894757693944
1.13912256220780
1.96590353269279
2.77983271899830
3.57558918748311
4.34797080578331
5.09192825092989
5.80259801850046
6.47533421701397
7.10573893971123
7.68969101517859
8.22337294885325
8.70329587929443
9.12632238606300
9.48968700011248
9.79101428260761
10.0283343539799
10.2000957717055
10.3051756726151
10.3428871134352
10.3129835615712
10.2156605067755
10.0515541831640
9.82173740993583
9.52771257798736
9.17140182826821
8.75513448608922
8.28163183352424
7.75398931945869
7.17565632358130
6.55041360660735
5.88234859415359
5.17582865583662
4.43547255428346
3.66612025070145
2.87280126439205
2.06070179306514
1.23513080888722
0.401485351915802
-0.434784752200540
-1.26821251959690
-2.09334954773449
-2.90480163347641
-3.69726403683614
-4.46555615988052
-5.20465541407057
-5.90973005464079
-6.57617076737037
-7.19962080124470
-7.77600445003092
-8.30155369656255
-8.77283284555711
-9.18676098393311
-9.54063212179198
-9.83213288240115
-10.0593576255290
-10.2208209052667
-10.3154671808977
-10.3426777173275
-10.3022746299672
-10.1945220476261
-10.0201243858108
-9.78022174172008
-9.47638244104014
-9.11059278526146
-8.68524406654752
-8.20311693503859
-7.66736322079045
-7.08148532918334
-6.44931334449775
-5.77497999134528
-5.06289361763070
-4.31770937567445
-3.54429878988949
-2.74771790995716
-1.93317425770226
-1.10599278373879
-0.271581056445954
0.564606089154873
1.39710221152729
2.22046499861543
3.02931184610278
3.81835504533770
4.58243635089372
5.31656070178734
6.01592887589797
6.67596886412898
7.29236575919280
7.86108996363848
8.37842353270851
8.84098447981557
9.24574888574768
9.59007066706104
9.87169887443504
10.0887924078971
10.2399320527235
10.3241297573318
10.3408350925121
10.2899388497715
10.1717737552667
9.98711229465995
9.73716166311548
9.42355587345188
9.04834507404073
8.61398214628518
8.12330666929535
7.57952635658676
6.98619608616050
6.34719466104846
5.66669945225090
4.94915908983188
4.19926438070254
3.42191764321179
2.62220065901173
1.80534145171374
0.976680109508145
0.141633875179318
-0.694338268262313
-1.52577128482275
-2.34722981233265
-3.15334369527204
-3.93884309131383
-4.69859292208608
-5.42762644293751
-6.12117771224654
-6.77471274801343
-7.38395916805173
-7.94493412001214
-8.45397031865288
-8.90774002013673
-9.30327677663280
-9.63799482900004
-9.90970601078021
-10.1166340529911
-10.2574261962040
-10.3311620339960
-10.3373595299609
-10.2759781689466
-10.1474192219164
-9.95252312270360
-9.69256397380751
-9.36924121714987
-8.98466852424092
-8.54135997838549
-8.04221363926067
-7.49049259730651
-6.88980364178932
-6.24407368198342
-5.55752407562254
-4.83464303244031
-4.08015627320550
-3.29899613607010
-2.49626933218502
-1.67722356138210
-0.847213206166467
-0.0116643282819198
0.823960803308171
1.65419942114503
2.47362397125255
3.27687759491709
4.05870914830560
4.81400753098797
5.53783509895331
6.22545994367541
6.87238682622024
7.47438656416045
8.02752367918765
8.52818212468257
8.97308892504705
9.35933557226802
9.68439703982836
9.94614828966931
10.1428781642923
10.2733005731804
10.3365629004125
10.3322515785054
10.2603947920459
10.1214622934383
9.91636233197287
9.64643571628842
9.31344704904799
8.91957319112755
8.46738903073046
7.95985065046386
7.40027600241279
6.79232321755397
6.13996669130016
5.44747110151777
4.71936352886895
3.96040386173398
3.17555367919506
2.36994381549251
1.54884081800712
0.717612518038328
-0.118307060548131
-0.953453225391529
-1.78236634020234
-2.59962751627251
-3.39989403760342
-4.17793428807253
-4.92866195229497
-5.64716926661011
-6.32875910281135
-6.96897567487996
-7.56363366798506
-8.10884559931640
-8.60104723189278
-9.03702087519662
-9.41391642031952
-9.72926997209899
-9.98101995644407
-10.1675205975515
-10.2875526769043
-10.3403315037217
-10.3255120447504
-10.2431911798652
-10.0939070687325
-9.87863563267580
-9.59878417474460
-9.25618217969203
-8.85306935400818
-8.39208098419056
-7.87623070897601
-7.30889081815179
-6.69377020674345
-6.03489012869959
-5.33655790857674
-4.60333878308753
-3.84002605658277
-3.05160976558218
-2.24324405719856
-1.42021349471225
-0.587898510574762
0.248259767322451
1.08279508615811
1.91025180295356
2.72522054997181
3.52237359760811
4.29649968358322
5.04253808074509
5.75561168077591
6.43105887752011
7.06446404149390
7.65168638637287
8.18888703872429
8.67255413403841
9.09952577498952
9.46701070183880
9.77260653985586
10.0143155044642
10.1905574614426
10.3001802568035
10.3424672488176
10.3171419929464
10.2243700490545
10.0647578990880
9.83934898229546
9.54961687390672
9.19745565186883
8.78516751460993
8.31544773077916
7.79136701935487
7.21635147530262
6.59416017202019
5.92886058698879
5.22480201127885
4.48658711674866
3.71904186680197
2.92718396741137
2.11619006466318
1.29136190324264
0.458091667120654
-0.378173271000416
-1.21196596102813
-2.03783561480016
-2.85038323975423
-3.64429693398963
-4.41438661198780
-5.15561793397705
-5.86314521713662
-6.53234311348046
-7.15883684734160
-7.73853081477950
-8.26763535793999
-8.74269153935132
-9.16059375417778
-9.51861003262306
-9.81439989975233
-10.0460296759764
-10.2119851181778
-10.3111813188367
-10.3429697984412
-10.3071427448216
-10.2039343716882
-10.0340193874972
-9.79850858464956
-9.49894157786200
-9.13727673917804
-8.71587839541991
-8.23750137177535
-7.70527298256116
-7.12267258690132
-6.49350884296429
-5.82189480946202
-5.11222105717505
-4.36912696629415
-3.59747039719734
-2.80229593295966
-1.98880190118522
-1.16230639075885
-0.328212485682527
0.508027056735554
1.34094545242394
2.16509762877985
2.97509582098040
3.76564479363870
4.53157645757209
5.26788365537142
5.96975289489933
6.63259581673786
7.25207918986366
7.82415323946180
8.34507812169120
8.81144837232135
9.22021516941900
9.56870626453994
9.85464345213268
10.0761574629455
10.2318001840819
10.3205541258085
10.3418390732342
10.2955158793732
10.1818873747970
10.0016963879269
9.75612088891003
9.44676628882692
9.07565494456746
8.64521293799390
8.15825421581279
7.61796219384115
7.02786894592990
6.39183211358695
5.71400968725480
4.99883282410459
4.25097688004314
3.47533084531435
2.67696538349490
1.86109968283214
1.03306733662208
0.198281475688151
-0.637800619109785
-1.46971319298749
-2.29201774874535
-3.09933860008804
-3.88639801432211
-4.64805071470256
-5.37931751686987
-6.07541787947636
-6.73180115622830
-7.34417634501244
-7.90854013964751
-8.42120310086779
-8.87881377544784
-9.27838060580085
-9.61729148681391
-9.89333084207294
-10.1046941078447
-10.2499995301261
-10.3282971976443
-10.3390752517510
-10.2822632326181
-10.1582325398571
-9.96779400455345
-9.71219258858579
-9.39309924588444
-9.01259999883281
-8.57318230122649
-8.07771877693607
-7.52944844058012
-6.93195552298229
-6.28914603982240
-5.60522225667954
-4.88465521738239
-4.13215551526388
-3.35264249840357
-2.55121211016372
-1.73310357526402
-0.903665149177159
-0.0683191547502125
0.767473465372051
1.59824884880042
2.41857593253841
3.22309195770205
4.00653752770650
4.76379099074380
5.48990192177286
6.18012348514175
6.82994346627867
7.43511376957996
7.99167818966648
8.49599827445307
8.94477711095272
9.33508087832664
9.66435802727470
9.93045596038627
10.1316351044069
10.2665802824227
10.3344093116231
10.3346787704312
10.2673868973027
10.1329736022412
9.93231759095651
9.66673062046450
9.33794892368278
8.94812185908097
8.49979785959024
7.99590777262421
7.43974570012658
6.83494746389981
6.18546683699206
5.49554969653216
4.76970626697664
4.01268163522729
3.22942473037723
2.42505597086576
1.60483379055116
0.774120262529566
-0.0616539545742421
-0.897025118677300
-1.72653212259263
-2.54475219515470
-3.34633635173267
-4.12604436237002
-4.87877900896345
-5.59961940752145
-6.28385317766657
-6.92700724908049
-7.52487710349269
-8.07355426105682
-8.56945183142240
-9.00932796246063
-9.39030703336605
-9.70989845357020
-9.96601294458597
-10.1569761983365
-10.2815398226787
-10.3388895025714
-10.3286503235302
-10.2508892225729
-10.1061145506283
-9.89527274927288
-9.61974216351795
-9.28132403109713
-8.88223070715766
-8.42507120133918
-7.91283412178392
-7.34886813758272
-6.73686008737957
-6.08081087724397
-5.38500932538126
-4.65400412465915
-3.89257410624348
-3.10569699874928
-2.29851688711786
-1.47631058397895
-0.644453133318632
0.191617328024554
1.02643512131767
1.85454275694751
2.67052661190024
3.46905232046139
4.24489964679809
4.99299661142098
5.70845264845275
6.38659057692990
7.02297717713727
7.61345217207964
8.15415542463810
8.64155217260698
9.07245613664383
9.44405035006901
9.75390557433917
9.99999617981203
10.1807133879810
10.2948757886094
10.3417370630150
10.3209908630096
10.2327728136029
10.0776596263742
9.85666532931250
9.57123463776842
9.22323350985418
8.81493694803960
8.34901412667890
7.82851094270732
7.25683010356957
6.63770888255537
5.97519468696736
5.27361859883288
4.53756706113892
3.77185189468468
2.98147884156285
2.17161484090822
1.34755425085160
0.514684237487209
-0.321550442878060
-1.15568303795356
-1.98226053750368
-2.79587932153546
-3.59122048561418
-4.36308461236349
-5.10642576183292
-5.81638445853588
-6.48831945950588
-7.11783809568485
-7.70082498831067
-8.23346895255148
-8.71228791252714
-9.13415166483180
-9.49630234174278
-9.79637244034709
-10.0324002997178
-10.2028429249629
-10.3065860743110
-10.3429515432911
-10.3117015983870
-10.2130405311834
-10.0476133228409
-9.81650142763453
-9.52121570311586
-9.16368653312117
-8.74625120819146
-8.27163864590318
-7.74295155100189
-7.16364613195882
-6.53750950655139
-5.86863494418302
-5.16139510677402
-4.42041346317912
-3.65053406398757
-2.85678987430494
-2.04436987154105
-1.21858512328669
-0.384834067047691
0.451432781187929
1.28474845884066
2.10966529614131
2.92079052941496
3.71282155542154
4.48058059629066
5.21904854842150
5.92339779408832
6.58902376122376
7.21157502508452
7.78698175500526
8.31148232027187
8.78164788119019
9.19440480458572
9.54705475719217
9.83729234558353
10.0632201873168
10.2233613147718
10.3166688305938
10.3425327516192
10.3007839965450
10.1916954912707
10.0159803846886
9.77478738658465
9.46969325813057
9.10269250405577
8.67618433388779
8.19295697749704
7.65616945748742
7.06933093757978
6.43627778201157
5.76114847590963
5.04835657059500
4.30256183069042
3.52863977164287
2.73164978680835
1.91680207247208
1.08942356700453
0.254923126848436
-0.581243833029062
-1.41361100305284
-2.23673691417266
-3.04524051061098
-3.83383632766546
-4.59736904460007
-5.33084718674316
-6.02947575646238
-6.68868757970735
-7.30417316318850
-7.87190886701118
-8.38818320858412
-8.84962112585302
-9.25320604123581
-9.59629958202243
-9.87665882832109
-10.0924509757917
-10.2422653173162
-10.3251224652736
-10.3404807541314
-10.2882397814995
-10.1687410644942
-9.98276580712449
-9.73152979329350
-9.41667543880366
-9.04026105432221
-8.60474738950028
-8.11298154620909
-7.56817836606247
-6.97389941389583
-6.33402969459827
-5.65275225550653
-4.93452084039109
-4.18403077381178
-3.40618826617239
-2.60607834014470
-1.78893158813559
-0.960089978112141
-0.124971931332288
0.710963099730967
1.54225032170053
2.36345532551619
3.16920961302883
3.95424569270944
4.71343151504347
5.44180402249689
6.13460159471859
6.78729517688439
7.39561788767735
7.95559291335293
8.46355950552883
8.91619691275170
9.31054608938541
9.64402903990485
9.91446567213580
10.1200880492622
10.2595519474349
10.3319456434235
10.3367958748619
10.2740709341274
10.1441808756237
9.94797483511555
9.68673547863651
9.36217061726340
8.97640204257014
8.53195165575024
8.03172498108598
7.47899217154042
6.87736663065043
6.23078139046979
5.54346339999351
4.81990589214370
4.06483900997112
3.28319888408944
2.48009536350052
1.66077861076338
0.830604779882492
-0.00499899870053789
-0.840570097117680
-1.67064610114467
-2.48980051986578
-3.29267826051013
-4.07403063651948
-4.82874968001082
-5.55190153431207
-6.23875870826845
-6.88483098147217
-7.48589475836942
-8.03802067934951
-8.53759930831493
-8.98136472879802
-9.36641589437623
-9.69023559380474
-9.95070690688874
-10.1461270435138
-10.2752184753687
-10.3371372875846
-10.3314786956958
-10.2582796918540
-10.1180188029980
-9.91161296255957
-9.64041151615503
-9.30618740045295
-8.91112555287780
-8.45780862792856
-7.94920011348164
-7.38862495745526
-6.77974783148908
-6.12654917373072
-5.43329916734727
-4.70452982488181
-3.94500536092969
-3.15969104684265
-2.35372075104826
-1.53236337719617
-0.700988419529423
0.134969139333519
0.970044358742444
1.79877806620212
2.61575254585059
3.41562695592417
4.19317224366436
4.94330532942706
5.66112233651579
6.34193064949628
6.98127959143649
7.57498951949949
8.11917914870113
8.61029092519925
9.04511428323839
9.42080663371814
9.73491194717179
9.98537680966884
10.1705638466877
10.2892624271910
10.3406965779361
10.3245300562774
10.2408685482995
10.0902589779114
9.87368593141756
9.59256522094017
9.24873462877122
8.84444189315962
8.38233001407850
7.86541997502934
7.29709099383724
6.68105843155182
6.02134950385497
5.32227695377819
4.58841085782394
3.82454874980981
3.03568425775126
2.22697445880480
1.40370616568741
0.571261364978795
-0.264917966774787
-1.09936543911727
-1.92662598335024
-2.74129151418566
-3.53803628424666
-4.31165170030316
-5.05708037362768
-5.76944918187628
-6.44410112635656
-7.07662577642376
-7.66288810197237
-8.19905550554466
-8.68162287733315
-9.10743550927914
-9.47370971848362
-9.77805104509151
-10.0184699056965
-10.1933945999292
-10.3016815851992
-10.3426229524248
-10.3159510538772
-10.2218402528853
-10.0609057839623
-9.83419973080775
-9.54320414847660
-9.18982137467687
-8.77636159353848
-8.30552773314817
-7.78039779558375
-7.20440473496114
-6.58131401503892
-5.91519899309133
-5.21041429098033
-4.47156732750107
-3.70348819810622
-2.91119809892480
-2.09987650147723
-1.27482729270338
-0.441444101636365
0.394824960598074
1.22851291694500
2.05416966392201
2.86639760081313
3.65988691562566
4.42945029715623
5.17005684621325
5.87686496432888
6.54525400494661
7.17085448016609
7.74957662558293
8.27763713647775
8.75158390057383
9.16831856567623
9.52511679466159
9.81964607540043
10.0499809691883
10.2146156979979
10.3124739882641
10.3429161068538
10.3057430432194
10.2011978103998
10.0299638563601
9.79316059605879
9.49233609344944
9.12945694125568
8.70689540468292
8.22741391310805
7.69414700113339
7.11058081706171
6.48053033275004
5.80811440383552
5.09772884336488
4.35401768486114
3.58184282268504
2.78625222817085
1.97244694930812
1.14574710971157
0.311557129152905
-0.524669606983128
-1.35746639834178
-2.18138896729173
-2.99105105003054
-3.78115960843392
-4.54654943245957
-5.28221690688960
-5.98335272167732
-6.64537331205428
-7.26395082285881
-7.83504140120837
-8.35491163254922
-8.82016294726472
-9.22775383828929
-9.57501974447902
-9.85969046976111
-10.0799050241820
-10.2342237898362
-10.3216379321404
-10.3415759949306
-10.2939076362672
-10.1789444805241
-9.99743808119397
-9.75057500772579
-9.43996908851447
-9.06765086075115
-8.63605429610942
-8.14800088903584
-7.60668121167817
-7.01563405602238
-6.37872329959693
-5.70011264598554
-4.98423840527031
-4.23578049235486
-3.45963183275958
-2.66086637589081
-1.84470592490038
-1.01648599996921
-0.181620958187067
0.654431401955075
1.48620552005801
2.30826380405548
3.11523217761378
3.90183521230741
4.66293061490225
5.39354284428296
6.08889563826979
6.74444323768081
7.35590010351022
7.91926893296988
8.43086679122070
8.88734918797998
9.28573194159976
9.62341068768165
9.89817790469945
10.1082373453225
10.2522157790993
10.3291719697349
10.3386028282745
10.2804467019683
10.1550837773168
9.96333359466085
9.70644969056682
9.38611140302859
9.00441289306045
8.56384945445025
8.06730120116862
7.51801423908018
6.91957944503779
6.27590899208983
5.59121077427097
4.86996089815243
4.11687442100664
3.33687452686240
2.53506034196427
1.71667360004258
0.887064375303982
0.0516561071659256
-0.784089854622245
-1.61470995269399
-2.43477413920633
-3.23892137392327
-4.02189467116938
-4.77857546654643
-5.50401707873727
-6.19347704765673
-6.84244813753560
-7.44668780226298
-8.00224592036380
-8.50549061829214
-8.95313201323303
-9.34224372019329
-9.67028198277858
-9.93510230260333
-10.1349734586077
-10.2685888246434
-10.3350749113359
-10.3339970763829
-10.2653623659606
-10.1296194686595
-9.92765578225452
-9.66079161248098
-9.33077154174515
-8.93975302419147
-8.49029228168694
-7.98532759292263
-7.42816008488225
-6.82243215224408
-6.17210364580071
-5.48142598555976
-4.75491436775435
-3.99731824746303
-3.21359028979515
-2.40885399262181
-1.58837019252303
-0.757502672890715
0.0783169009527656
0.913624490411911
1.74295940391012
2.56089999529580
3.36209910700104
4.14131902624002
4.89346572572943
5.61362216509026
6.29708043522030
6.93937253550929
7.53629958268703
8.08395926036191
8.57877132979618
9.01750103515349
9.39728025020442
9.71562622824897
9.97045783268226
10.1601091420954
10.2833403409748
10.3393458248003
10.3277594665575
10.2486570102354
10.1025555756619
9.89041027791513
9.61360798340808
9.27395824346954
8.87368146468737
8.41539439334941
7.90209300888085
7.33713293809696
6.72420751832583
6.06732365279662
5.37077561614273
4.63911698125689
3.87713085102975
3.08979858956746
2.28226725731017
1.45981596293711
0.627821352024149
-0.208277541924918
-1.04301485430347
-1.87093362163135
-2.68662145558911
-3.48474592565513
-4.26008941902819
-5.00758324994750
-5.72234079542821
-6.39968944078508
-7.03520112611544
-7.62472129404381
-8.16439604948059
-8.65069735385897
-9.08044608912602
-9.45083284072731
-9.75943626371080
-10.0042389118882
-10.1836404265699
-10.2964679986582
-10.3419840357016
-10.3198909837891
-10.2303332727620
-10.0738963720264
-9.85160296313958
-9.56490625419012