-7.31360543781246
-9.61547866839179
-10.3380989244399
-9.36278254722525
-6.84971618402186
-3.21164762057751
0.953904205308686
4.96278613408371
8.15657658020821
10.0107251561231
10.2207051965712
8.75202943212932
5.84591420257694
1.97966191571694
-2.21173143554365
-6.03986846136218
-8.87601324609360
-10.2543553769696
-9.94851497367670
-8.00872347900513
-4.75357361138090
-0.717693472875474
3.43606114603064
7.02547466735024
9.46101929159887
10.3426794579193
9.52565068093889
7.14412234122028
3.58923832708530
-0.555144712509938
-4.60835039435087
-7.90467736854265
-9.90273457609074
-10.2743596969354
-8.95851676004045
-6.17132073417359
-2.37054265354458
1.81957501858798
5.71084441081811
8.66416070327000
10.1944691523959
10.0504308229667
8.25570267144195
5.10505211081474
1.11594420353003
-3.05644716406001
-6.72684550126604
-9.29242200552392
-10.3318045886135
-9.67428432458032
-7.42785280371321
-3.96146551785597
0.155555648885657
4.24702824652533
7.64096594002224
9.77994601723965
10.3126608869587
9.15161708456946
6.48750526019123
2.75788101227423
-1.42469955141669
-5.37328645946318
-8.43936102290741
-10.1193490005240
-10.1373279861255
-8.49034509848058
-5.44890196460282
-1.51252734241395
2.67226583354067
6.41816419084941
9.10993875058291
10.3054905671941
9.80846137005469
7.70048358382915
4.32777296167450
0.244265866611316
-3.87935962606118
-7.36583636722404
-9.64254296651267
-10.3355515319252
-9.33104184961193
-6.79399529579428
-3.14109817958034
1.02769510930188
5.02769903113872
8.20195013049007
10.0291071758436
10.2090766098922
8.71230012629973
5.78460934670914
1.90685026242553
-2.28409124914802
-6.09989200863658
-8.91384221744740
-10.2637767155604
-9.92798131223270
-7.96160728051357
-4.68761327339667
-0.643722367667872
3.50589395215319
7.07969978522974
9.49073074976384
10.3429974255986
9.49652293489745
7.09033284293971
3.51962150156801
-0.629154948912277
-4.67459854839498
-7.95228279684727
-9.92387852965265
-10.2655694779611
-8.92123608027212
-6.11167259865844
-2.29832371398205
1.89250347280666
5.77250455911582
8.70442543955382
10.2067253680793
10.0326655485718
8.21083368812144
5.04044873192428
1.04221693342376
-3.12718930672227
-6.78298377725373
-9.32473622493335
-10.3349874413375
-9.64781305665038
-7.37607507477902
-3.89288533850848
0.229674621790256
4.31451266078417
7.69073210800762
9.80382030854442
10.3067221711995
9.11684074059647
6.42960297918034
2.68636270555413
-1.49808766688528
-5.43649106801629
-8.48200135521433
-10.1344217784378
-10.1223576460081
-8.44779037951432
-5.38575208373947
-1.43915408046994
2.74381160045465
6.47613173569106
9.14480744304617
10.3115335487222
9.78468613711412
7.65079499738801
4.26033191009255
0.170148915599831
-3.94797945637655
-7.41768890768431
-9.66911191942922
-10.3324731937976
-9.29882180885769
-6.73792539455205
-3.07038737783785
1.10143321976911
5.09235365124215
8.24690233998272
10.0469739922449
10.1969235747189
8.67212326259025
5.72300733079669
1.83394065269910
-2.35633372714394
-6.15960219954185
-8.95121327754169
-10.2726707956683
-9.90693764238644
-7.91408208783864
-4.62141212894023
-0.569718193923422
3.57554665767781
7.13356121322492
9.51995466144048
10.3427840651634
9.46690734481835
7.03617910854596
3.44982387025724
-0.703132865117810
-4.74060656454394
-7.99947970997486
-9.94451268557561
-10.2562519084083
-8.88349710941560
-6.05171050159566
-2.22598670767771
1.96533470759660
5.83386816920158
8.74424302248681
10.2184572560537
10.0143848880611
8.16554290765612
4.97558642111962
0.968436123793558
-3.19777080314934
-6.83877360589759
-9.35657142512687
-10.3376393774262
-9.62084617278729
-7.32391843092278
-3.82410517850333
0.303781796124447
4.38177543505018
7.74010319688566
9.82719096969784
10.3002539908148
9.08159605716616
6.37137040428189
2.61470639821649
-1.57139882438285
-5.49941639964133
-8.52420596027494
-10.1489739429363
-10.1068673122194
-8.40480169074703
-5.32232553245038
-1.36570688802101
2.81521641555523
6.53376659642547
9.17920635938014
10.3170468184604
9.76040825695992
7.60071338344115
4.19267200182636
0.0960232239013327
-4.01639647580513
-7.46916039548658
-9.69518416227289
-10.3288640681937
-9.26612408013209
-6.68150936065140
-2.99951884782088
1.17511474872383
5.15674667303375
8.29143089945496
10.0643246874939
10.1842467153625
8.63150090491890
5.66111131938469
1.76093683196314
-2.42845515837702
-6.21899596671719
-8.98812450659499
-10.2810371603975
-9.88538504516821
-7.86615034238802
-4.55497357881754
-0.495684753296067
3.64501568448836
7.18705618443061
9.54868952537270
10.3420393875743
9.43680543207841
6.98166391996004
3.37984901871360
-0.777074660821171
-4.80637105191242
-8.04626568338207
-9.96463598386629
-10.2464074669281
-8.84530178615226
-5.99143752328656
-2.15353535064199
2.03806498155836
5.89493208877711
8.78361140660763
10.2296642136425
9.99558978052691
8.11983265667001
4.91046851043010
0.894605564819017
-3.26818802751255
-6.89421212122918
-9.38792597070466
-10.3397602606477
-9.59338505830167
-7.27138555147352
-3.75512857113283
0.377873364942767
4.44881311398005
7.78907667042373
9.85005680013007
10.2932566780804
9.04588484482629
6.31281052695043
2.54291577130364
-1.64462925785614
-5.56205922181323
-8.56597267000462
-10.1630047464628
-10.0908577805105
-8.36138124054241
-5.25862556900894
-1.29218953810829
2.88647661071904
6.59106581230359
9.21313373248472
10.3220300931877
9.73562897676644
7.55024131472134
4.12479671262003
0.0218925994125723
-4.08460716970942
-7.52024818649898
-9.72075835569151
-10.3247243405172
-9.23295034314366
-6.62475009222963
-2.92849623010300
1.24873591108674
5.22087478859240
8.33553352143869
10.0811583702716
10.1710466830437
8.59043514008892
5.59892449212133
1.68784255048304
-2.50045183791107
-6.27807025905704
-9.02457400844749
-10.2888753799609
-9.86332462775230
-7.81781450645397
-4.48830103603119
-0.421625848943547
3.71429746390535
7.24018195076725
9.57693386542743
10.3407634310858
9.40621874303710
6.92679007767125
3.30970054160189
-0.850976537573007
-4.87188863212590
-8.09263831363524
-9.98424739077471
-10.2360366592374
-8.80665207260653
-5.93085676000286
-2.08097336475993
2.11069055847927
5.95569318093987
8.82252856953050
10.2403456651351
9.97628119148894
8.07370528333580
4.84509834501549
0.820729049235535
-3.33843736242254
-6.94929647532673
-9.41879825095833
-10.3413499820505
-9.56543112389302
-7.21847913508774
-3.68595905978130
0.451945522101754
4.51562225379452
7.83765001281483
9.87241662520502
10.2857305924537
9.00970893809099
6.25392635545391
2.47099451275825
-1.71777520539899
-5.62441631651948
-8.60729933881358
-10.1765134682439
-10.0743298733039
-8.31753125944413
-5.19465546573354
-1.21860580737760
2.95758852525292
6.64802643981801
9.24658781948330
10.3264831169093
9.71034956946524
7.49938138401958
4.05670952928213
-0.0522391497168128
-4.15260803405083
-7.57094965630020
-9.74583318591818
-10.3200542234294
-9.19930230205415
-6.56765050505579
-2.85732317317347
1.32229292487938
5.28473470360486
8.37920794034674
10.0974741758183
10.1573241558585
8.54892807768158
5.53645004359391
1.61466156317024
-2.57232006721877
-6.33682204186737
-9.06055991065940
-10.2961850517029
-9.84075752340019
-7.76907706308735
-4.42139792560240
-0.347545285331323
3.78338843686765
7.29293578312118
9.60468623067039
10.3389562612449
9.37514884895728
6.87156040059298
3.23938204250523
-0.924834698974051
-4.93715593949346
-8.13859521853572
-10.0033458988471
-10.2251400180931
-8.76754995424550
-5.86997132382659
-2.00830447759822
2.18320770752492
6.01614832434336
8.86099251204977
10.2505010618170
9.95646011284499
8.02716315725336
4.77947928299348
0.746810372139408
-3.40851519911435
-7.00402383846324
-9.44918667995404
-10.3424084599693
-9.53698580557758
-7.16520189961018
-3.61660019774133
0.525994462454989
4.58219942245396
7.88582072880769
9.89426929628061
10.2776761205559
8.97307019534532
6.19472091471966
2.39894631723262
-1.79083290944481
-5.68648448042625
-8.64818384371811
-10.1894994143256
-10.0572844396515
-8.27325400006062
-5.13041850881944
-1.14495947588436
3.02854850608036
6.70464555285584
9.27956690181277
10.3304056608697
9.68457133367984
7.44813620405142
3.98841394950576
-0.126368215278824
-4.22039557557054
-7.62126220031558
-9.77040736483868
-10.3148539568379
-9.16518168539036
-6.51021353238155
-2.78600333324945
1.39578201141866
5.34832313753596
8.42245191258920
10.1132712659776
10.1430798387444
8.50698184994804
5.47369118316522
1.54139762939176
-2.64405615437125
-6.39524829702200
-9.09608036460548
-10.3029658001198
-9.81768489140218
-7.71994051596971
-4.35426768439866
-0.273446868037662
3.85228505411643
7.34531497148562
9.63194519543991
10.3366179708874
9.34359734592433
6.81597772591848
3.16889713374229
-0.998645350871458
-5.00216962118092
-8.18413403723970
-10.0219305269777
-10.2137181032643
-8.72799743977626
-5.80878434249206
-1.93553242221704
2.25561270343119
6.07629441335824
8.89900125824134
10.2601298819971
9.93612756281986
7.98020866932923
4.71361469526805
0.672853330792515
-3.47841793763329
-7.05839139924972
-9.47908969661368
-10.3429356400293
-9.50805056461423
-7.11155658193589
-3.54705554803412
0.600016382048722
4.64854119983568
7.93358634383333
9.91561369076731
10.2690936761517
8.93597049875117
6.13519724617891
2.32677488590134
-1.86379861696061
-5.74826052504203
-8.68862408444790
-10.2019619176093
-10.0397223551910
-8.22855173695101
-5.06591799817155
-1.07125432689968
3.09935290792995
6.76092024284748
9.31206928531076
10.3337975235648
9.65829559365888
7.39650840732284
3.91991348169003
-0.200490789203760
-4.28796631196777
-7.67118323394858
-9.79447963005772
-10.3091238078846
-9.13059024595612
-6.45244212479074
-2.71454037408860
1.46919939551127
5.41163682379682
8.46526321668799
10.1285488292404
10.1283144634434
8.46459861170018
5.41065113480825
1.46805451277466
-2.71565641422819
-6.45334602311685
-9.13113354557154
-10.3092172768791
-9.79410791701797
-7.67040738928547
-4.28691376095405
-0.199334403557983
3.92098377637693
7.39731682509965
9.65870935942113
10.3337486801331
9.31156585476451
6.76004490897388
3.09824943617937
-1.07240470155167
-5.06692633738331
-8.22925243038172
-10.0400003204591
-10.2017715015039
-8.68799656104369
-5.74729895922430
-1.86266093697494
2.32790182669480
6.13612835823144
8.93655285556542
10.2692316310352
9.91528458591295
7.93284423165348
4.64750796535694
0.598861724427680
-3.54814198701880
-7.11239636478098
-9.50850576479532
-10.3429314951487
-9.47862688742963
-7.05754593786787
-3.47732868322494
0.674007478317572
4.71464417790938
7.98094440413361
9.93644871218645
10.2599837001281
8.89841175414971
6.07535840761023
2.25448392626901
-1.93666857963948
-5.80974127688137
-8.72861798355488
-10.2139003378863
-10.0216445221008
-8.18342676650588
-5.00115724723255
-0.997494146717350
3.16999809352277
6.81684761891697
9.34409330030379
10.3366585307517
9.63152369920842
7.34450064599599
3.85121164475892
-0.274603063755547
-4.35531677207961
-7.72071019271586
-9.81804874496335
-10.3028640709317
-9.09552976074144
-6.39433925004759
-2.64293796680046
1.54254130564700
5.47467250991187
8.50763965339228
10.1433060807860
10.1130287884646
8.42178054019875
5.34733313694135
1.39463598101335
-2.78711716862651
-6.51111223562468
-9.16571765284769
-10.3149391608373
-9.77002781141563
-7.62048022759088
-4.21933961529470
-0.125211699109030
3.98948107454069
7.44893867258593
9.68497734771757
10.3303485363798
9.27905602096147
6.70376482307330
3.02744257904507
-1.14610896193856
-5.13142276149566
-8.27394808019302
-10.0575543510316
-10.1893008265185
-8.64754937292484
-5.68551833257579
-1.78969376533887
2.40007136376493
6.19564708524545
8.97364537496621
10.2778058413672
9.89393225284486
7.88507227737545
4.58116248921457
0.524839354052481
-3.61768376549081
-7.16603596077840
-9.53743337337180
-10.3423960255405
-9.44871628554153
-7.00317274197644
-3.40742318523792
0.747963950278991
4.78050496091152
8.02789247688773
9.95677329022643
10.2503466604721
8.86039589096391
6.01520747298301
2.18207715197935
-2.00943905409240
-5.87092357762803
-8.76816348652085
-10.2253140618703
-10.0030518690537
-8.13788140683149
-4.93613958281443
-0.923682724455818
3.24048043375869
6.87242480802949
9.37563730169250
10.3389885354583
9.60425702562247
7.29211559175067
3.78231196798142
-0.348701231726611
-4.42244349605862
-7.76984053237762
-9.84111349879160
-10.2960750675472
-9.06000203083170
-6.33590789294268
-2.57119978965868
1.61580397419137
5.53742695768734
8.54957904579000
10.1575422625223
10.0972235990455
8.37852983504260
5.28374044226135
1.32114580567817
-2.85843474656825
-6.56854396704883
-9.19983090981991
-10.3201311580567
-9.74544581160961
-7.57016159568447
-4.15154871875760
-0.0510825624338762
4.05777342984574
7.50017786208834
9.71074781092108
10.3264177142956
9.24606951457146
6.64714035937079
2.95648019974585
-1.21975434578457
-5.19565558028493
-8.31821869062294
-10.0745917169305
-10.1763067189370
-8.60665795322470
-5.62344563626833
-1.71663465569268
2.47211760723458
6.25484753687436
9.01027691097136
10.2858520725290
9.87207166050224
7.83689526057913
4.51458167506337
0.450790022258097
-3.68703970063155
-7.21930743173205
-9.56587103630800
-10.3413292587122
-9.41832029548215
-6.94843978745607
-3.33734264517511
0.821881998729112
4.84612016552034
8.07442815033404
9.97658638079665
10.2401830522461
8.82192486209976
5.95474753230044
2.10955828262815
-2.08210630204115
-5.93180428429909
-8.80725856186128
-10.2362025032290
-9.98394535116943
-8.09191799763022
-4.87086834492831
-0.849823851868801
3.31079630790226
6.92764895514069
9.40669966903611
10.3407874179903
9.57649697361147
7.23935593564954
3.71321799078975
-0.422781486634044
-4.48934303555009
-7.81857172906775
-9.86367270668702
-10.2887571464875
-9.02400888131473
-6.27715105514216
-2.49932952791152
1.68898363758436
5.59989694337717
8.59107923942094
10.1712566431254
10.0808997071116
8.33484871805619
5.21987631757599
1.24758776201807
-2.92960548441422
-6.62563826707542
-9.23347156406297
-10.3247930018202
-9.72036318039733
-7.51945407847593
-4.08354455381709
0.0230491983930962
4.12585733405902
7.55103176140861
9.73601942518241
10.3219564158101
9.21260803013763
6.59017442671022
2.88536594367576
-1.29333706986610
-5.25962149405818
-8.36206198745365
-10.0911115429323
-10.1627898462768
-8.56532440256830
-5.56108405902588
-1.64348736113941
2.54403685603072
6.31372667194372
9.04644558178876
10.2933699111790
9.84970393188125
7.78831565615651
4.44776894321318
0.376717533015745
-3.75620622957157
-7.27220804104398
-9.59381729273915
-10.3397312494644
-9.38744047871776
-6.89334988598361
-3.26709066313119
0.895757826438498
4.91148642103015
8.12054903389805
9.99588696608338
10.2294933975627
8.78300064384472
5.89398169143647
2.03693104356703
-2.15466659051094
-5.99238026940239
-8.84590120123018
-10.2465651026144
-9.96432594996514
-8.04553890007911
-4.80534688660822
-0.775921323144946
3.38094210377089
6.98251722334074
9.43727880663541
10.3420550859376
9.54824496923223
7.18622438799971
3.64393326259694
-0.496840022915735
-4.55601195387129
-7.86690127942693
-9.88572520976527
-10.2809106836802
-8.98755216118820
-6.21807175503284
-2.42733087359199
1.76207653652594
5.66207925784636
8.63213810238670
10.1844485180764
10.0640579512342
8.29073943317232
5.15574404363632
1.17396562876905
-3.00062572606453
-6.68239220272286
-9.26663788742934
-10.3289244526451
-9.69478120629379
-7.46836028085008
-4.01533061390085
0.0971797751641688
4.19372928965603
7.60149775814136
9.76079089227836
10.3169648701037
9.17867328660420
6.53286995147750
2.81410346403145
-1.36685335417988
-5.32331721683690
-8.40547571842036
-10.1071129804005
-10.1487509029107
-8.52355084429311
-5.49843680441293
-1.57025563931629
2.61582541560186
6.37228146578489
9.08214952940494
10.3003589711199
9.82683021602995
7.73933595968065
4.38072772588628
0.302625691490665
-3.82517979916886
-7.32473507116723
-9.62127070704286
-10.3376020798883
-9.35607842156944
-6.83790586757128
-3.19667084800653
0.969587638346919
4.97660036952422
8.16625275831280
10.0146740545996
10.2182782455583
8.74362523576727
5.83291307198278
1.96419916571753
-2.22711619202125
-6.05264842110121
-8.88408941952433
-10.2564013276915
-9.94419467330527
-7.99874649670977
-4.73957857374583
-0.701978934718479
3.45091421791852
7.03702679400293
9.46737314361547
10.3427914741792
9.51950246381255
7.13272367820992
3.57446134261476
-0.570873036124982
-4.62244682618614
-7.91482670072606
-9.90726987517098
-10.2725360822043
-8.95063374326294
-6.15867302756552
-2.35520752532842
1.83507891617614
5.72397070674125
8.67275352546071
10.1971172096981
10.0466991965880
8.24620424632154
5.09134691497047
1.10028318795942
-3.07149182315272
-6.73880285849756
-9.29932817613852
-10.3325252982955
-9.66870120346501
-7.41688282753649
-3.94691040321559
0.171305359731862
4.26138580999863
7.65157325980645
9.78506093967870
10.3114433335962
9.14426702722522
6.47522987744922
2.74269642162395
-1.44029942213513
-5.38673947651893
-8.44845765332367
-10.1225952073283
-10.1341906100306
-8.48133942434149
-5.43550709066944
-1.49694325219530
2.68747959811411
6.43050891039140
9.11738691967932
10.3068188933181
9.80345168798994
7.68995868727920
4.31346146704565
0.228518303839888
-3.89395686619722
-7.37688582374593
-9.64822986891533
-10.3349418593610
-9.32423573513108
-6.78211058042298
-3.12608681732380
1.04336764175626
5.04145866604552
8.21153697574077
10.0329466812374
10.2065381723641
8.70380066061353
5.77154481108260
1.89136638537196
-2.29945138477765
-6.11260564337205
-8.92182125498416
-10.2657106731654
-9.92355255534957
-7.95154319128568
-4.67356678491188
-0.628000485067148
3.52070905582179
7.09117486692709
9.49698113400688
10.3429965448862
9.49027093387876
7.07885655465603
3.50480579967285
-0.644876723126811
-4.68864423968171
-7.96234553099801
-9.92830559613800
-10.2636337722699
-8.91325552406752
-6.09895792410119
-2.28296318815705
1.90798702634213
5.78556811064677
8.71292342219531
10.2092620671896
10.0288243349062
8.20124544531195
5.02668823970881
1.02654422471499
-3.14220013523080
-6.79486733653686
-9.33154075086326
-10.3355953537930
-9.64212451166237
-7.36502436297424
-3.87828743656052
0.245422144205148
4.32882341951737
7.70125569398660
9.80882832061172
10.3053920899332
9.10939101947907
6.41725716564385
2.67114848469059
-1.51367150074815
-5.44988501505219
-8.49100558414831
-10.1375574283811
-10.1191097156104
-8.43869231114677
-5.37229815054503
-1.42355396589229
2.75899572263209
6.48840601457108
9.15215594243877
10.3127493459222
9.77956954873485
7.64018637550087
4.24597362221268
0.154399177019651
-3.96253389752327
-7.42865761975430
-9.67469339344291
-10.3317507245400
-9.29191405518792
-6.72596689078760
-3.05534219704156
1.11709404652885
5.10605797877107
8.25639935989628
10.0507039073175
10.1942737810774
8.66352896420466
5.70988006127393
1.81843644401299
-2.37166845286300
-6.17224885616405
-8.95909476929490
-10.2744926608076
-9.90240065650077
-7.90393140867869
-4.60731491118516
-0.553989774525299
3.59032303206252
7.14495866048223
9.52610125682166
10.3426702875239
9.46055188107745
7.02462578453518
3.43497021203203
-0.718847282290410
-4.75460079374351
-8.00945532916214
-9.94883129204389
-10.2542042111959
-8.87541942375179
-6.03892951225189
-2.21060157332599
1.98079712167784
5.84686830525560
8.75264572903117
10.2208824666596
10.0104342844347
8.15586533971340
4.96177133942113
0.952752527066889
-3.21274702995466
-6.85058275676511
-9.36327395681865
-10.3381344614264
-9.61505249615152
-7.31278755117363
-3.80946523915490
0.319526321145069
4.39603865388790
7.75054250845392
9.83209181412754
10.2988114499723
9.07404705497327
6.35895479416446
2.59946332870597
-1.58696582083669
-5.51275058859997
-8.53311732517144
-10.1519988749377
-10.1035089943678
-8.39561169552655
-5.30881323113490
-1.35009155047579
2.83037011531709
6.54596980410487
9.18645481157083
10.3181500242800
9.75518502510925
7.59002158119102
4.17826765829237
0.0802721185892401
-4.03090737028854
-7.48004779963263
-9.70065992117237
-10.3280288393567
-9.25911504212969
-6.66947768281126
-2.98444062136740
1.19076306528046
5.17039498918314
8.30083760616142
10.0679448206366
10.1814857017296
8.62281221532985
5.64792199032468
1.74541308810644
-2.44376368642886
-6.23157499555777
-8.99590804768634
-10.2827468394803
-9.88074006334846
-7.85591359474443
-4.54082635597782
-0.479950605082201
3.65975257051520
7.19837541175151
9.55473201613727
10.3418127188525
9.43034683210030
6.97003415372528
3.36495816720219
-0.792780913690293
-4.82031310013019
-8.05615367515018
-9.96884590846726
-10.2442478833864
-8.83712738598673
-5.97859087572552
-2.13812639810974
2.05350546186825
5.90786814152636
8.79191840540011
10.2319778111591
9.99152998988533
8.11006626073850
4.89659954894042
0.878911885753531
-3.28312888327348
-6.90594625703495
-9.39452616384357
-10.3401424907596
-9.58748654764416
-7.26017507558346
-3.74044734644887
0.393614083760326
4.46302806020944
7.79943117130543
9.85485022516192
10.2917017517660
9.03823694935660
6.30032575805226
2.52764463619549
-1.66017861721130
-5.57533296770509
-8.57479071307997
-10.1659188051294
-10.0873892477245
-8.35209979056607
-5.24505559370953
-1.27655977976755
2.90159910960735
6.60319732189313
9.22028176511441
10.3230206509544
9.73029936976654
7.53946688135397
4.11034705339411
0.00614093651480774
-4.09907377209371
-7.53105372342676
-9.72612811818288
-10.3237763950072
-9.22584038086889
-6.61264585839103
-2.91338573257353
1.26437091357244
5.23446639223764
8.34484943170837
10.0846685355154
10.1681745912546
8.58165250564163
5.58567378106992
1.67230006892329
-2.51573338188384
-6.29058101392067
-9.03225919903012
-10.2904727851596
-9.85857188861477
-7.80749221619635
-4.47410453486002
-0.405886780189079
3.72899410452791
7.25142237667422
9.58287194116760
10.3404238829259
9.39965733860549
6.91508446664331
3.29477326176015
-0.866673819296222
-4.88577778314813
-8.10243817003080
-9.98834841724130
-10.2337653003060
-8.79838137786457
-5.91794511416743
-2.06554138561760
2.12610831182790
5.96856448584878
8.83073943383497
10.2425475307112
9.97211242238679
8.06385056112247
4.83117621619356
0.805026094028760
-3.35334207961583
-6.96095499327917
-9.42529576648719
-10.3416193386387
-9.55942808222506
-7.20718963894691
-3.67123730394775
0.467681626102837
4.52978819718221
7.84791917109110
9.87710238459694
10.2840633605453
9.00196254222247
6.24137306912717
2.45569609654212
-1.73330612887161
-5.63762893746326
-8.61602360707838
-10.1793165038780
-10.0707513037647
-8.30815883150767
-5.18102851355217
-1.20296243115448
2.97267904641258
6.66008562811261
9.25363506535190
10.3273609757372
9.70491386110192
7.48852487302701
4.04221529665574
-0.0679905610233073
-4.16702960117417
-7.58167277092007
-9.75109667615262
-10.3189936099430
-9.19209178075118
-6.55547433702261
-2.84218118080688
1.33791381011206
5.29826889653393
8.38843257561348
10.1008741928429
10.1543411334552
8.54005194954683
5.52313863125082
1.59910114233767
-2.58757384208724
-6.34926388006650
-9.06814635593802
-10.2976701009574
-9.83589727109722
-7.75866976048083
-4.40715287538600
-0.331802104564902
3.79804407710889
7.30409683018501
9.61051958634246
10.3385038510898
9.36848497713657
6.85977954609896
3.22441910115943
-0.940522203168905
-4.95099147982275
-8.14830643613147
-10.0073378165058
-10.2227570004534
-8.75918338979930
-5.85699534299880
-1.99285026459959
2.19860194188987
6.02895422020274
8.86910682006728
10.2525910823409
9.95218257943530
8.01722061500342
4.76550470203146
0.731098947463493
-3.42338301207322
-7.01560613965509
-9.45558118409048
-10.3425649291967
-9.53087854128043
-7.15383396316899
-3.60183866702665
0.541725143263837
4.59631563528468
7.89600401694294
9.89884714932108
10.2758966687006
8.96522569701729
6.18209975583772
2.38362140580205
-1.80634459920014
-5.69963529767883
-8.65681388899932
-10.1921912829331
-10.0535960171930
-8.26379107563385
-5.11673527978249
-1.12930328539111
3.04360627429969
6.71663180036559
9.28651299889766
10.3311707756626
9.67902980318961
7.43719817314056
3.97387588805836
-0.142118565832676
-4.23477136658527
-7.63190234177210
-9.77556431242607
-10.3136807298597
-9.15787097547014
-6.49796605565451
-2.77083062390097
1.41138797694144
5.36179922448696
8.43158479897621
10.1165609601216
10.1399860389672
8.49801268409952
5.46031975334792
1.52582006863687
-2.65928137653728
-6.40762057940867
-9.10356767485930
-10.3043384171421
-9.81271737560850
-7.70944873564523
-4.33997481691755
-0.257700384001523
3.86689894110322
7.35639606635350
9.63767353137939
10.3360527219777
9.33683134904360
6.80412223314928
3.15389929954994
-1.01432227165851
-5.01595084007493
-8.19375611716310
-10.0258131307609
-10.2112235493338
-8.71953543542282
-5.79574469325801
-1.92005676925662
2.27098262799738
6.08903424231842
8.90701859313288
10.2621079501027
9.93174148484328
7.97017881780002
4.69958838005168
0.657134243757182
-3.49324808258482
-7.06989688868798
-9.48538086086639
-10.3429792138579
-9.50183939142253
-7.10011078917419
-3.53225500075004
0.615740831567581
4.66260695694820
7.94368323870478
9.92008340228874
10.2672020957612
8.92802830094125
6.12250886309993
2.31142426650911
-1.87929027614950
-5.76134886303411
-8.69715946341251
-10.2045424809065
-10.0359242692908
-8.21899880215091
-5.05217919519725
-1.05558612640772
3.11437714967926
6.77283293382920
9.31891387678496
10.3344498550181
9.65264852571474
7.38548941838935
3.90533233825355
-0.216239269895591
-4.30229558837900
-7.68173985565010
-9.79952977008178
-10.3078380276842
-9.12317972297504
-6.44012396853260
-2.69933772719366
1.48478963963166
5.42505411249106
8.47430388503105
10.1317280315093
10.1251100452230
8.45553686889098
5.39722037441811
1.45246061232929
-2.73085230155955
-6.46564811411788
-9.13852133617137
-10.3104773911568
-9.78903339291884
-7.65983167021405
-4.27257381044462
-0.183585425159353
3.93555515938319
7.40831739852742
9.66433238135920
10.3330706215061
9.30469808039849
6.74811538695705
3.08321747959243
-1.08807023359427
-5.08065252688843
-8.23878487833788
-10.0437734109144
-10.1991655394299
-8.67943955148283
-5.73419631144078
-1.84716463905095
2.34324665189796
6.14880146583809
8.94447280547465
10.2710976451076
9.91079018868560
7.92272758608656
4.63343063642777
0.583135782533926
-3.56293370212787
-7.12382445142003
-9.51469326598201
-10.3428621713402
-9.47231212441681
-7.04602287676611
-3.46248987968805
0.689724888767329
4.72865875673310
7.99095438705581
9.94081005257616
10.2579800883745
8.89037226485514
6.06260345214788
2.23910838748737
-1.95213941244376
-5.82276646325547
-8.73705825773455
-10.2163694633078
-10.0177369678696
-8.17378431207547
-4.98736357609558
-0.981814741115361
3.18498803699326
6.82868614140412
9.35083603455510
10.3371980453546
9.62577138390521
7.33340126509462
3.83658816837981
-0.290348865574092
-4.36959879778058
-7.73118275236002
-9.82299181799450
-10.3014658035607
-9.08801980538459
-6.38195104705058
-2.62770616333044
1.55811502748247
5.48803031109365
8.51658763926479
10.1463746278616
10.1097139164149
8.41262668593876
5.33384373592837
1.37902654195049
-2.80228294049681
-6.52334350327196
-9.17300554427650
-10.3160867076372
-9.76484653969355
-7.60982111305671
-4.20495331841015
-0.109461035385918
4.00400920502246
7.45985815946526
9.69049476679485
10.3295577028680
9.27208682191263
6.69176188463733
3.01237727226670
-1.16176230048629
-5.14509321648648
-8.28339040649278
-10.0612177343320
-10.1865835901716
-8.63889779773785
-5.67235335933809
-1.77417761850775
2.41539030132931
6.20825282047034
8.98146753303889
10.2795597055477
9.88932976724788
7.87486935747031
4.56703486973739
0.509107365155498
-3.63243629089482
-7.17738605754799
-9.54351689363591
-10.3422138076561
-9.44229825710183
-6.99157300448270
-3.39254688772897
0.763673514243605
4.79446764150624
8.03781503363829
9.96102603543828
10.2482311202826
8.85225952318049
6.00238660036890
2.16667748366299
-2.02488826576292
-5.88388494327028
-8.77650822233156
-10.2276716225748
-9.99903504722556
-8.12814992811090
-4.92229175210603
-0.907992919207206
3.25543530890460
6.88418855386963
9.38227783234162
10.3394152054954
9.59839975846063
7.28093638906516
3.76764690987946
-0.364443545796163
-4.43667753736883
-7.78022849197961
-9.84594925089956
-10.2945643848358
-9.05239302889097
-6.32345027959923
-2.55593961208360
1.63136037370843
5.55072458515566
8.55843388952755
10.1604999967712
10.0937984434539
8.36928433957219
5.27019309358567
1.30552162986670
-2.87356962390070
-6.58070378301137
-9.20701852769257
-10.3211660784284
-9.74015805843117
-7.55941963325508
-4.13711681453549
-0.0353310225120417
4.07225756148044
7.51101570147577
9.71615934370311
10.3255141465247
9.23899924885316
6.63506462111585
2.94138231669244
-1.23539468671252
-5.20926959849993
-8.32757041020655
-10.0781452048851
-10.1734783479034
-8.59791225684915
-5.61021901387126
-1.70109945703140
2.48740987021286
6.26738525215025
9.01800087537607
10.2874936967199
9.86736132296895
7.82660659046779
4.50040449078459
0.435052794521366
-3.70175227848165
-7.23057895556815
-9.57185026313463
-10.3410341561125
-9.41179933131462
-6.93676396945864
-3.32242961790289
0.837582909197084
4.86003023061320
8.08426277118454
9.98073031236440
10.2379556922975
8.81369203379898
5.94186140115313
2.09413527587101
-2.09753309893860
-5.94470116337202
-8.81550733062646
-10.2384483781070
-9.97981946809159
-8.08209799453300
-4.85696706602165
-0.834124452970922
3.32571534648127
6.93933732002026
9.41323765495350
10.3411012215433
9.57053505548386
7.22809748546558
3.69851210431943
-0.438519504260710
-4.50352836125696
-7.82887455499126
-9.86840088945584
-10.2871341260407
-9.01630122367155
-6.26462467141108
-2.48404176015986
1.70452191563592
5.61313371402069
8.59984048614307
10.1741034126064
10.0773644439310
8.32551205632321
5.20627171717685
1.23194965208333
-2.94470868971796
-6.63772600669411
-9.24055853914629
-10.3257152425991
-9.71496921739849
-7.50862981997297
-4.06906778363435
0.0388008053461146
4.14029672278621
7.56178739655562
9.74132479367439
10.3209401601972
9.20543706095591
6.57802650897763
2.87023625993886
-1.30896360971677
-5.27317837613528
-8.37132261991609
-10.0945549529958
-10.1598504858523
-8.55648503427832
-5.54779646693071
-1.62793390870366
2.55930165884760
6.32619572319899
9.05407095574009
10.2948992110491
9.84488598438514
7.77794176437702
4.43354292242670
0.360975874875690
-3.77087810406803
-7.28340041291933
-9.59969191896970
-10.3393232773092
-9.38081691381007
-6.88159858727911
-3.25214167218825
0.911449276841401
4.92534315604989
8.13029521363607
9.99992187112962
10.2271543322767
8.77467177795299
5.88103096372692
2.02148549066083
-2.17007018014947
-6.00521199938340
-8.85405357920424
-10.2486991762934
-9.96009121758784
-8.03563087706746
-4.79139287362528
-0.760213137091506
3.39582453937886
6.99412960681859
9.44371391195970
10.3422560068863
9.54217870640762
7.17488726867128
3.62918730321148
-0.512572935624864
-4.57014783526320
-7.87711844240672
-9.89034558030388
-10.2791754088737
-8.97974624379029
-6.20547724440315
-2.41201630100756
1.77759589489871
5.67525449168249
8.64080530202045
10.1871841765484
10.0604127620743
8.28131208481000
5.14208289039249
1.15831438805334
-3.01569648347632
-6.69440724504170
-9.27362385565970
-10.3297339664548
-9.68928131056616
-7.45745428232484
-4.00080972144138
0.112930639975626
4.20812319371214
7.61217063652270
9.76598982393963
10.3158359788545
9.17140198233646
6.52065047831466
2.79894275683512
-1.38246529020532
-5.33681626634611
-8.41464478803443
-10.1104461356819
-10.1457007040929
-8.51461825817384
-5.48508892521396
-1.55468473209886
2.63106197409325
6.38468121247434
9.08967592118071
10.3017758681079
9.82190490607304
7.72887737914780
4.36645359939427
0.286880411608365
-3.83981021660896
-7.33584771612150
-9.62704043089372
-10.3370812591354
-9.34935259617896
-6.82607969183340
-3.18168666133571
0.985268822600542
4.99040306263765
8.17590999626851
10.0185997258478
10.2158275950942
8.73520076014512
5.81989841299981
1.94873186011162
-2.24249578310605
-6.06541434281497
-8.89214498791365
-10.2584234905424
-9.93985130916981
-7.98875096276607
-4.72557254351500
-0.686262768448139
3.46575928603384
7.04856259954242
9.47370503776987
10.3428795022019
9.51333216791997
7.12130847213568
3.55967606782765
-0.586600035702993
-4.63653253709042
-7.92495767589785
-9.91178219612790
-10.2706886421806
-8.94272996710656
-6.14601103702739
-2.33986693463486
1.85057855762874
5.73708372694762
8.68132623276537
10.1997416166283
10.0429442687047
8.23668669562003
5.07762991066642
1.08461962048078
-3.08652935847445
-6.75074458629233
-9.30621277863981
-10.3332220435507
-9.66309565754350
-7.40589564924013
-3.93234613442934
0.187054673267136
4.27573348995666
7.66216283314854
9.79015316743595
10.3102018647028
9.13689576140476
6.46293947658171
2.72750546978480
-1.45589595233877
-5.40018000000472
-8.45753468906825
-10.1258179366009
-10.1310297295106
-8.47231407926709
-5.42209961005899
-1.48135569008742
2.70268712956344
6.44283871552865
9.12481394264328
10.3081233146368
9.79841926858919
7.67941595525792
4.29913996812095
0.212770211061886
-3.90854507500407
-7.38791817091358
-9.65389439399112
-10.3343082167652
-9.31740799476964
-6.77021013517102
-3.11106820467373
1.05903775430728
5.05520660819871
8.22110477581515
10.0367629170228
10.2039760626140
8.69528100803403
5.75846688940121
1.87587812163717
-2.31480618724559
-6.12530510102284
-8.92977959996771
-10.2676208213082
-9.91910078257822
-7.94146065988932
-4.65950945693317
-0.612277145933210
3.53551599384079
7.10263350192417
9.50320949171665
10.3429716754610
9.48399692189038
7.06736384824304
3.48998196901391
-0.660597001665645
-4.70267905650404
-7.97238979792544
-9.93270963571099
-10.2616742619337
-8.90525429517692
-6.08622910411174
-2.26759736741059
1.92346615464665
5.79861824359745
8.72140119678432
10.2117750877600
10.0249598611934
8.19163818119479
5.01291608899809
1.01086913512291
-3.15720367597273
-6.80673513635317
-9.33832363396945
-10.3361792947014
-9.63641360350776
-7.35395656932573
-3.86368053962570
0.261169097406958
4.34312413832544
7.71176141829294
9.81381358287254
10.3040381071710
9.10192017077375
6.40489646843762
2.65592806858004
-1.52925182392366
-5.46326632206403
-8.49999011972808
-10.1406695660905
-10.1158383157650
-8.42957467075649
-5.35883175727568
-1.40795054963900
2.77417344581735
6.50066524476503
9.15948321505822
10.3139412245623
9.77443027841008
7.62956003358138
4.23160548656438
0.138649080339342
-3.97707914828718
-7.43960910239354
-9.68025242875178
-10.3310042926523
-9.28498475060104
-6.71399278735701
-3.04028992993047
1.13275228239097
5.11975046372166
8.26587723058230
10.0544105115971
10.1916003436587
8.65491457232891
5.69673954871603
1.80292801779161
-2.38699767792663
-6.18488119736956
-8.96695548204488
-10.2762906961163
-9.89784070378469
-7.89376239777668
-4.59320700759484
-0.538260070248956
3.60509107934141
7.15633953629714
9.53222575813198
10.3425325219283
9.45417447529406
7.01305616817301
3.42010858701451
-0.734560032227861
-4.76858399550508
-8.01941237186464
-9.95312682399438
-10.2521327312087
-8.86732115315565
-6.02613451670135
-2.19521131188181
1.99625494165667
5.85985488055328
8.76102813539346
10.2232839717744
10.0064604634134
8.14616885571348
4.94794474979075
0.937066720602773
-3.22771580537227
-6.86237601894362
-9.36995477208705
-10.3386055679904
-9.60923651913797
-7.30163971073570
-3.79481646443851
0.335270105082087
4.41029167690869
7.76096384403817
9.83696985479518
10.2973450228963
9.06647700716718
6.34652443559941
2.58421423021079
-1.60252913660857
-5.52607199172783
-8.54200889904355
-10.1550002612111
-10.1001272432514
-8.38640222820126
-5.29528861698563
-1.33447308163716
2.84551725054755
6.55815782958899
9.19368195743760
10.3192292990138
9.74993916786910
7.57931217525548
4.16385362402103
0.0645208270994345
-4.04540891580990
-7.49091785515738
-9.70611318114302
-10.3271696565218
-9.25208452928182
-6.65743053632275
-2.96935547304406
1.20640862007571
5.18403131353561
8.31022506057429
10.0715416029993
10.1787010739792
8.61410352668481
5.63471956192948
1.72988529607825
-2.45906654661183
-6.24413957138398
-9.00367072439308
-10.2844326695884
-9.87607216493593
-7.84565862672783
-4.52666860151027
-0.464215343709866
3.67448096840528
7.20967794374078
9.56075234642596
10.3415620641636
9.42386636013605
6.95838822175577
3.35005951127918
-0.808485327847973
-4.83424396850266
-8.06602298212492
-9.97303271213001
-10.2420645401615
-8.82893248970003
-5.96573036190168
-2.12271248657968
2.06894117944130
5.92079049204165
8.80020501292566
10.2342676774510
9.98744702569413
8.10028105497348
4.88271923067240
0.863216168212243
-3.29806212441036
-6.91766437574583
-9.40110456807555
-10.3405007387782
-9.58156580054333
-7.24894776102672
-3.72575744647190
0.409353889662856
4.47723265525155
7.80976758281440
9.85962079364821
10.2901229557078
9.03056809132777
6.28782637668639
2.51236763867359
-1.67572412608121
-5.58859378261924
-8.58358886847745
-10.1688092857829
-10.0838973190607
-8.34279896940321
-5.23147345345218
-1.26092706067633
2.91671487876076
6.61531351655917
9.22740841296553
10.3239872663386
9.72494719509356
7.52867496155480
4.09588786095974
-0.00961074062501531
-4.11353086741481
-7.54184179343472
-9.73147532267635
-10.3228045053619
-9.21870902092343
-6.60052628771576
-2.89826847797250
1.28000298357724
5.24804585548353
8.35414598760595
10.0881553111912
10.1652789162210
8.57284996760064
5.57241011505630
1.65675370876521
-2.53100909106645
-6.30307717891754
-9.03992344091779
-10.2920463234649
-9.85379628430001
-7.79715181786996
-4.45989765681207
-0.390146770055573
3.74368209642337
7.26264598421640
9.58878779116702
10.3400603520200
9.39307413336674
6.90336281732605
3.27983834028762
-0.882369090926304
-4.89965560248999
-8.11221923428318
-9.99242627753697
-10.2314702060038
-8.79009027686544
-5.90501974272669
-2.05010461582615
2.14152113405222
5.98142194774916
8.83892981683436
10.2447256405478
9.96792052477041
8.05397713626443
4.81724288233260
0.789321271707860
-3.36823901933769
-6.97259736655411
-9.43177142174435
-10.3418647097082
-9.55340286919005
-7.19588342703093
-3.65650703334110
0.483416645400838
4.54394363454414
7.85817012753578
9.88176523583323
10.2823722766089
8.99419526792776
6.22880530706425
2.44039198478346
-1.74883303225365
-5.65082848294546
-8.62472789203190
-10.1820959304253
-10.0671493769364
-8.29876713429826
-5.16738954490970
-1.18731626487722
2.98776267298082
6.67212936954098
9.26066084908414
10.3282148821162
9.69945564394323
7.47765099375221
4.02771168883980
-0.0837418146379727
-4.18144150362561
-7.59237830121858
-9.75633755047929
-10.3179090634143
-9.18485994005209
-6.54328296475135
-2.82703259651427
1.35353159229612
5.31179080108476
8.39763775542455
10.1042507827136
10.1513345598916
8.53115601430301
5.50981440898499
1.58353701267759
-2.60282161554514
-6.36169099229410
-9.07571176928948
-10.2991312666258
-9.83101420620617
-7.74824446304002
-4.39289760357645
-0.316058154244883
3.81269090847245
7.31524093671558
9.61633065214952
10.3380274626419
9.36179937680713
6.84798278158497
3.20944868135465
-0.956207525992047
-4.96481553721977
-8.15799875520143
-10.0113065239516
-10.2203502729746
-8.75079651000889
-5.84400577792694
-1.97739142954491
2.21399107699405
6.04174613299098
8.87720055779272
10.2546573238310
9.94788196373552
8.00725947825962
4.75151906834101
0.715385827135879
-3.43824288511391
-7.02717216941468
-9.46195375771294
-10.3426974107124
-9.52474917183152
-7.14244943470087
-3.58706878249785
0.557454567637273
4.61042118779073
7.90616899172304
9.90340204377345
10.2740933837584
8.95736040546727
6.16946425869195
2.36829096599234
-1.82185209946478
-5.71277289565581
-8.66542385636342
-10.1948595125931
-10.0498842772346
-8.25430898483517
-5.10304018340225
-1.11364447568223
3.05865698342302
6.72860246985916
9.29343755759215
10.3319119291704
9.67346582393720
7.42624289299168
3.95932860992503
-0.157868586767590
-4.24913733581277
-7.64252478241024
-9.78069858735722
-10.3124835821615
-9.15053902552184
-6.48570350806878
-2.75565148811175
1.42699066900378
5.37526287571210
8.44069812982429
10.1198271907288
10.1368687213231
8.48902380864524
5.44693565930443
1.51023896901843
-2.67450043097836
-6.41997800047760
-9.11103387103174
-10.3056871351123
-9.80772710098885
-7.69893907464751
-4.32567188364906
-0.241953302275584
3.88150385951752
7.36746009938905
9.64337951447540
10.3354635004601
9.33004369706865
6.79225095944697
3.13889415045824
-1.02999683990645
-5.02972042537569
-8.20335919314732
-10.0296724814812
-10.2087053123142
-8.71105320768097
-5.78269160184092
-1.90457666307326
2.28634728543087
6.10175994886318
8.91501526980375
10.2640622171018
9.92733237198588
7.96013048088060
4.68555116498711
0.641413632616164
-3.50807012557959
-7.08138598077682
-9.49165002549134
-10.3429987990140
-9.49560618042989
-7.08864852898803
-3.51744626103998
0.631463852985593
4.67666189998372
7.95376170963810
9.92453010596792
10.2652867024493
8.92006539618228
6.10980627996886
2.29606828618424
-1.89477757666393
-5.77442383861882
-8.70567467088621
-10.2070993766100
-10.0321029068766
-8.20942680486773
-5.03842867460637
-1.03991547767524
3.12939416819063
6.78472991644680
9.32573685472102
10.3350782175810
9.64697907019554
7.37445330014800
3.89074213710499
-0.231987249059482
-4.31661488639328
-7.69227866094294
-9.80455718186559
-10.3065283403149
-9.11574804042681
-6.42779087556843
-2.68412881967229
1.50037644005175
5.43845881875189
8.48332489875629
10.1348837350645
10.1218821436383
8.44645551499135
5.38377709615066
1.43686334316613
-2.74604185517098
-6.47793520921562
-9.14588793162140
-10.3117135921439
-9.78393616492505
-7.64923818554681
-4.25822395047147
-0.167836020966599
3.95011741457964
7.41930078969968
9.66993298862321
10.3323685971878
9.29780872546467
6.73617021390510
3.06817837203817
-1.10373324205415
-5.09436693273719
-8.24829821792004
-10.0475232066508
-10.1965359222332
-8.67086241152968
-5.72108036422630
-1.83166405696097
2.35858604236363
6.16146031241050
8.95237201029402
10.2729398372234
9.90627280517026
7.91259256518344
4.61934256109213
0.567408488162317
-3.57771715365421
-7.13523601563419
-9.52085869955600
-10.3427688591306
-9.46597539208645
-7.03448347368661
-3.44764304553140
0.705440699524459
4.74266236828748
8.00094583640168
9.94514833705205
10.2559526850884
8.88231215594865
6.04983443557059
2.22372765549873
-1.96760571761404
-5.83577814477393
-8.74547826788415
-10.2188148937049
-10.0138061793065
-8.16412290002758
-4.97355833766938
-0.966133058373124
3.19997059345855
6.84050882598816
9.35755708123136
10.3377135846932
9.61999674336332
7.32228487569261
3.82195579372750
-0.306093993981753
-4.38387068898563
-7.74163738092220
-9.82791210836952
-10.3000436438002
-9.08048877200627
-6.36954804227074
-2.61246826536961
1.57368513555148
5.50137538377862
8.52551587245112
10.1494196422535
10.1063755967090
8.40345332011026
5.32034196402798
1.36341390448457
-2.81744221297784
-6.53555964120145
-9.18027216057506
-10.3172103281367
-9.75964262017357
-7.59914434891660
-4.19055726889514
-0.0937101177882874
4.01852804892627
7.47076034455021
9.69598971051874
10.3287429118123
9.26509611793268
6.67974342586712
2.99730497882321
-1.17741294453440
-5.15875173836418
-8.29281352096423
-10.0648577824548
-10.1838427278834
-8.63022618618735
-5.65917523010104
-1.75865735679201
2.43070363683146
6.22084415677338
8.98926886021827
10.2812897281456
9.88470434513624
7.86464817322691
4.55289665784751
0.493374195477086
-3.64718039151821
-7.18871950766538
-9.54957827943655
-10.3420076028743
-9.43585832895585
-6.97995705129829
-3.37766272182179
0.779381307007159
4.80841920219952
8.04771894812940
9.96525567784907
10.2460918111716
8.84410262417958
5.98955180630294
2.15127279013002
-2.04033278107018
-5.89683266230194
-8.78483260261561
-10.2300054620418
-9.99499503444088
-8.11839959761427
-4.90843250503176
-0.892301008033561
3.27038263365671
6.89593633307838
9.38889660249148
10.3398178951260
9.59252022954397
7.26974029956368
3.75297311339918
-0.380185014605307
-4.45090128860822
-7.79059840674689
-9.85076216710613
-10.2930298257412
-9.04476303155950
-6.31097800015423
-2.54067350646869
1.64691298957737
5.56400933871961
8.56726888352311
10.1634341655753
10.0903498771195
8.36001943305870
5.25663352164927
1.28989442613296
-2.88869783650842
-6.59284833621976
-9.21418479154775
-10.3221770607191
-9.73484771471531
-7.54866013811526
-4.12267531501636
-0.0195794006445164
4.08673224825014
7.52183612041856
9.72154834160841
10.3245866305884
9.23190755494413
6.62297349402798
2.92627761163558
-1.25103216236383
-5.22287153475526
-8.33690281549432
-10.0816753184018
-10.1706263813239
-8.58914661916899
-5.59697937958275
-1.68556031297595
2.50269636409424
6.27990843135681
9.02570392415672
10.2891114609270
9.86262809987197
7.81629976795688
4.48621686863183
0.419314557760586
-3.71645627078357
-7.24183370938200
-9.57780728978276
-10.3407150693515
-9.40525653817828
-6.92507206289020
-3.30750888485344
0.853281877043914
4.87392902374456
8.09407864204806
9.98485109542997
10.2357045872594
8.80543876373072
5.92896148892932
2.07870741214524
-2.11295503098679
-5.95758425478405
-8.82373565341421
-10.2406705067527
-9.97567043862473
-8.07225924647072
-4.84305452225795
-0.818423119475509
3.34062667166518
6.95100959035909
9.41975380856640
10.3413910407794
9.56455094022902
7.21682227101428
3.68379763981812
-0.454256504820571
-4.51770324184301
-7.83915922325353
-9.87310618425058
-10.2854872464437
-9.00857265434490
-6.25208375801288
-2.46874823112303
1.72005624035784
5.62635746601314
8.60858178708840
10.1769265850913
10.0738058081237
8.31615608506976
5.19265504177056
1.21630868486382
-2.95980506530164
-6.64979835130593
-9.24762408242241
-10.3266135347460
-9.70955272228219
-7.49778814655819
-4.05458157598257
0.0545523223088472
4.15472650884116
7.57252549350421
9.74660756892272
10.3198999670270
9.19824474142490
6.56586333470035
2.85509991920724
-1.32458711366271
-5.28672302802682
-8.38056383660699
-10.0979749505613
-10.1568875614894
-8.54762582076702
-5.53449600772241
-1.61237668057032
2.57456052582527
6.33865010198422
9.06167533040789
10.2964046337598
9.84004520345370
7.76754983306453
4.41930661883853
0.345233379517274
-3.78554123269583
-7.29457589226384
-9.60554428044894
-10.3388913249606
-9.37417159179195
-6.86983132794843
-3.23718513849107
0.927138613302875
4.93918846762401
8.14002253662136
10.0039335831623
10.2247915469528
8.76632256079452
5.86806659602800
2.00603524928406
-2.18546873670151
-6.01802980136100
-8.86218542180073
-10.2508094799654
-9.95583338457780
-8.02570421686025
-4.77742774787282
-0.744503187857449
3.41069909898555
7.00572576867792
9.45012711429413
10.3424329408396
9.53609031222254
7.16353350848784
3.61443292658196
-0.528304659513038
-4.58427311702193
-7.88731733583229
-9.89494301197234
-10.2774162933758
-8.97191949949188
-6.19286834129047
-2.39669613418629
1.79311113045935
5.68841656279259
8.64945246086658
10.1898962076861
10.0567442396035
8.27186552943967
5.12840981101592
1.14266046083716
-3.03076024652409
-6.70640676089086
-9.28058831539253
-10.3305195223120
-9.68375894230077
-7.44653098758059
-3.98627954982728
0.128681242863091
4.22250733778475
7.62282585984918
9.77116610515098
10.3146831618865
9.16410940665819
6.50841588168095
2.78377555799477
-1.39807401985390
-5.35030293807519
-8.42379434139902
-10.1137558416093
-10.1426269741547
-8.50566592393436
-5.47172832434318
-1.53911021907267
2.64629243030920
6.39706615104676
9.09718123109452
10.3031688719870
9.81695681598127
7.71840087287950
4.35216934570212
0.271134466356989
-3.85443172830371
-7.34694334690246
-9.63278782656310
-10.3365364633891
-9.34260508665311
-6.81423768423583
-3.16669509531441
1.00094772170163
5.00419418141282
8.18554827167733
10.0225021607631
10.2133532508627
8.72675602480246
5.80687025581583
1.93326003477519
-2.25787017312337
-6.07816619689635
-8.90017993257775
-10.2604218608326
-9.93548489134459
-7.97873690035819
-4.71155555317144
-0.670545010515228
3.48059631594852
7.06008205721374
9.48001495937589
10.3429435417833
9.50713980757034
7.10987674947107
3.54488253701303
-0.602325674766970
-4.65060749439576
-7.93507027056059
-9.91627152849596
-10.2688173811494
-8.93480544990372
-6.13333479192787
-2.32452091704190
1.86607390699912
5.75018344102424
8.68987880530144
10.2023423670995
10.0391660480257
8.22715004140997
5.06390112971563
1.06895353742161
-3.10155973514980
-6.76267065695314
-9.31307579706254
-10.3338948227633
-9.65746769981544
-7.39489129430569
-3.91777274527629
0.202803552960521
4.29007125312294
7.67273463548712
9.79522268870057
10.3089364831579
9.12950330420472
6.45063408609173
2.71230819198808
-1.47148910585581
-5.41360799874712
-8.46659210908865
-10.1290171808668
-10.1278453518960
-8.46326908419005
-5.40867955386556
-1.46576469224250
2.71788839261801
6.45515357766489
9.13221980224871
10.3094038281248
9.79336412352445
7.66885541222039
4.28480849811846
0.197021624802975
-3.92312421864692
-7.39893338313785
-9.65953652860146
-10.3336506056078
-9.31055864436257
-6.75829398763916
-3.09604237646273
1.07470541061147
5.06894282571300
8.23065350852079
10.0405558743494
10.2013902865837
8.68674118831939
5.74537561199422
1.86038550714239
-2.33015562093913
-6.13799035213309
-8.93771723394023
-10.2695071555584
-9.91462600424422
-7.93135970970897
-4.64544132206366
-0.596552386732993
3.55031473186885
7.11407566364537
9.50941580844802
10.3429228173806
9.47770091348321
7.05585475035490
3.47515004397310
-0.676315748070192
-4.71670296631199
-7.98241557433621
-9.93709063815771
-10.2596909514969
-8.89723241215672
-6.07348616821336
-2.25222628738208
1.93894082181817
5.81165492769969
8.72985874365777
10.2142644239616
10.0210721363962
8.18201191805276
4.99913231173267
0.995191701003572
-3.17219989414973
-6.81858714917466
-9.34508485852020
-10.3367392627083
-9.63068034543186
-7.34287171950287
-3.84906468158155
0.276915444875969
4.35741478404293
7.72224925656238
9.81877608376467
10.3026602260529
9.09442821180899
6.39252091623011
2.64070149252564
-1.54482860027629
-5.47663495801464
-8.50895494111462
-10.1437581843479
-10.1125434540593
-8.42043747948991
-5.34535293516372
-1.39234386789864
2.78934473480938
6.51290939784070
9.16678924391083
10.3151091818782
9.76926833805964
7.61891599627428
4.21722753647071
0.122898662084588
-3.99161517493470
-7.45054333020325
-9.68578901246333
-10.3302338998657
-9.27803391116889
-6.70200311203297
-3.02523061141643
1.14840789103812
5.13343107433452
8.27533593005938
10.0580937964875
10.1889032686632
8.64628010693971
5.68358582360039
1.78741541000194
-2.40232136677788
-6.19749919386183
-8.97479539756198
-10.2780648974244
-9.89325779481455
-7.88357507871856
-4.57908845089080
-0.522529117573813
3.61985076525977
7.16770381427601
9.53832815116430
10.3423707686960
9.44777514226180
7.00147028629472
3.40523902967214
-0.750271078483613
-4.78255613739715
-8.02935081498673
-9.95739927146446
-10.2500374732506
-8.85920231640928
-6.01332554461898
-2.17981595904252
2.01170813168436
5.87282786497713
8.76939022213268
10.2256617658281
10.0024634342143
8.13645347814551
4.93410668429547
0.921378740783363
-3.24267709468645
-6.87415336507834
-9.37661385543730
-10.3390526960256
-9.60339825523548
-7.29047493546126
-3.78015888833165
0.351013111421812
4.42453447105326
7.77136717946743
9.84182508038860
10.2958547129880
9.05888593130340
6.33407935741832
2.56895913809450
-1.61808873560407
-5.53938057813005
-8.55088066126815
-10.1579780947950
-10.0967220667139
-8.37717331012933
-5.28175172137311
-1.31885151772802
2.86065778611118
6.57033064461115
9.20088778021972
10.3202846401586
9.74467069740523
7.56858519047556
4.14942993244307
0.0487693859675727
-4.05990107873577
-7.50177053685243
-9.71154392953661
-10.3262865216816
-9.24503255789482
-6.64536794912490
-2.95426343783520
1.22205137682343
5.19765561446405
8.31959324091968
10.0751150262401
10.1758928385696
8.60537485918309
5.62150406481971
1.71435349189579
-2.47436370343397
-6.25668966505785
-9.01141251871139
-10.2860946468122
-9.87138136075770
-7.83538546212197
-4.51250034825334
-0.448479005675039
3.68920084400357
7.22096375418266
9.56675050227710
10.3412874240888
9.41736403121522
6.94672615106083
3.33515308549750
-0.824187866869339
-4.84816362471865
-8.07587358141549
-9.97719638514469
-10.2398574423175
-8.82071711629807
-5.95285601164447
-2.10729365180016
2.08437209848233
5.93369911035156
8.80847120996599
10.2365338072067
9.98334089742240
8.09047706206776
4.86882758781881
0.847518448594582
-3.31298771628713
-6.92936645018290
-9.40766116814282
-10.3408350038724
-9.57562283073011
-7.23770363384755
-3.71105890527274
0.425092746138845
4.49142686616151
7.82008588097808
9.86436849452392
10.2885202935676
9.02287828852808
6.27531241184265
2.49708481416633
-1.69126574841160
-5.60184163580025
-8.59236711578985
-10.1716761817197
-10.0803820026176
-8.33347879862496
-5.21787917973529
-1.24529141709423
2.93182388312124
6.62741436819870
9.23451365950824
10.3249299370987
9.71957246516262
7.51786558035351
4.08141916885524
-0.0253623954744609
-4.12797842214602
-7.55261237150248
-9.73679995677044
-10.3218086738357
-9.21155627984649
-6.58839140830893
-2.88314450136221
1.29563208484917
5.26161314683318
8.36342316757216
10.0916186892125
10.1623596646584
8.56402754638248
5.55913352484413
1.64120350606664
-2.54627893003221
-6.31555872506273
-9.04756671633626
-10.2935959912268
-9.84899782588372
-7.78679333546019
-4.44568043483790
-0.374405855045908
3.75836140552202
7.27385274736264
9.59468140170374
10.3396728392113
9.38646914258768
6.89162515690529
3.26489581182063
-0.898062316060024
-4.91352205796698
-8.12198148370898
-9.99648096220410
-10.2291513816539
-8.78177878884008
-5.89208067565846
-2.03466309118666
2.15692898940324
5.99426553682189
8.84709969953089
10.2468799895931
9.96370550836292
8.04408503166074
4.80329837574454
0.773614618699972
-3.38312814703846
-6.98422356814764
-9.43822520171032
-10.3420860946900
-9.54735549876261
-7.18456052556102
-3.64176828212885
0.499150543503571
4.55808853304931
7.86840285837381
9.88640516809943
10.2806573445668
8.98640713322123
6.21622309841029
2.42508221297627
-1.76435587953442
-5.66401492235038
-8.63341217348711
-10.1848517414402
-10.0635241011733
-8.28935618959489
-5.15373859144230
-1.17166734483194
3.00283936997079
6.68415763617009
9.26766515438679
10.3290448340657
9.69397493064821
7.46675977141698
4.01319873947496
-0.0994928740297962
-4.19584370797530
-7.60306622236739
-9.76155579674157
-10.3168005863585
-9.17760679672837
-6.53107641651770
-2.81187745543003
1.36914623520573
5.32530038589599
8.40682345843259
10.1076039375992
10.1483044421401
8.52224029258396
5.49647740769856
1.56796921029052
-2.61806335222717
-6.37410334972910
-9.08325613316518
-10.3005685453189
-9.82610834005359
-7.73780119494685
-4.37863214323307
-0.300313470886222
3.82732889698791
7.32636807686405
9.62211941461408
10.3375270970059
9.35509206347452
6.83617013441059
3.19447081781430
-0.971890631065668
-4.97862807962676
-8.16767215326566
-10.0152520119802
-10.2179198412393
-8.74238933432487
-5.83100265874089
-1.96192800828787
2.22937507714572
6.05452403304004
8.88527370645444
10.2566997814951
9.94355827572047
7.99727977012186
4.73752241436320
0.699671047598844
-3.45309478376776
-7.03872190091819
-9.46830438604270
-10.3428059042090
-9.51859771144680
-7.13104834061270
-3.57229057841074
0.573182699097850
4.62451604725734
7.91631562957255
9.90793396907272
10.2722662699118
8.94947433893664
6.15681445258880
2.35295503335823
-1.83735537427128
-5.72589724388859
-8.67401372584096
-10.1975040971171
-10.0461492283840
-8.24480774965871
-5.08933325144177
-1.09798308307842
3.07370059854379
6.74055753357608
9.30034056183636
10.3326291196741
9.66787940882799
7.41527038901258
3.94477214884068
-0.173618241553647
-4.26349344993563
-7.65312949759058
-9.78581017772488
-10.3112625165197
-9.14318585255061
-6.47342591806490
-2.74046596108651
1.44259005141894
5.38871405998562
8.44979188399584
10.1230699502246
10.1337278930427
8.48001524443244
5.43353893207823
1.49465436667457
-2.68971328240203
-6.43232053156498
-9.11847893580742
-10.3070119509019
-9.80271407911644
-7.68841155734924
-4.31135891776573
-0.226205659381474
3.89609977548343
7.37850704493209
9.64906313149437
10.3348503077014
9.32323440574158
6.78036393234771
3.12388172126723
-1.04566901926388
-5.04347834514711
-8.21294324292191
-10.0335085701868
-10.2061633980461
-8.70255077622544
-5.76962509851486
-1.88909213956593
2.30170664009354
6.11447150347849
8.92299126970591
10.2659926784622
9.92290023447331
7.95006368187666
4.67150308263268
0.625691533834393
-3.52288403223915
-7.09285864886958
-9.49789717594705
-10.3429943954520
-9.48935094609429
-7.07716982796161
-3.50262936324625
0.647185409837223
4.69070599634853
7.96382173325662
9.92895379149194
10.2633475006587
8.91208180294293
6.09708952624253
2.28070698054588
-1.91026048258623
-5.78748542146819
-8.71416968711951
-10.2096325987895
-10.0282582768112
-8.19983576730147
-5.02466646828997
-1.02424241704658
3.14440392863954
6.79661116310671
9.33253820329491
10.3356826097961
9.64128724024995
7.36340007819301
3.87614291208370
-0.247734690170840
-4.33092417279666
-7.70279962538443
-9.80956185375019
-10.3051947488141
-9.10829521554594
-6.41544287450493
-2.66891368679767
1.51595976061845
5.45185091148853
8.49232623694195
10.1380159325867
10.1186307661755
8.43735457106403
5.37032133118338
1.42126274145674
-2.76122503983305
-6.49020727991237
-9.15323331483476
-10.3129258769734
-9.77881624485727
-7.63862695985284
-4.24386421431571
-0.152086227509676
3.96467050819312
7.43026697314594
9.67551116822335
10.3316426088061
9.29089780594346
6.72420941752091
3.05313214840044
-1.11939369060408
-5.10806952312175
-8.25779242706389
-10.0512496989713
-10.1938826560126
-8.66226516107816
-5.70795114799703
-1.81615922666042
2.37391996251602
6.17410486858737
8.96025045170365
10.2747582031107
9.90173244584429
7.90243919244914
4.60524377202764
0.551679877786829
-3.59249230731384
-7.14663103095684
-9.52700205121789
-10.3426515587362
-9.45961670513498
-7.02292775539205
-3.43278821519036
0.721154874140442
4.75665498008975
8.01091872899918
9.94946355555123
10.2539014949722
8.87423144612242
6.03705138749667
2.20834176597533
-1.98306745927584
-5.84877629125877
-8.75387799447735
-10.2212366234060
-10.0098521655278
-8.15444255277156
-4.95974156397166
-0.950449134856202
3.21494572816876
6.85231564524718
9.36425642474267
10.3382051475718
9.61419979097608
7.31115150357468
3.80731455473886
-0.321838412457317
-4.39813241259422
-7.75207405415284
-9.83280960467705
-10.2985975949480
-9.07293667807449
-6.35713026447346
-2.59722430826152
1.58925159374082
5.51470769701976
8.53442433224153
10.1524411168998
10.1030138370903
8.39426046398784
5.30682785255512
1.34779810482630
-2.83259495091041
-6.54776062108050
-9.18751748489005
-10.3183100197300
-9.75441606492562
-7.58844995993256
-4.17615150014247
-0.0779589828457842
4.03303757258099
7.48164520255474
9.70146216614572
10.3279041651026
9.25808392523530
6.66770947463999
2.98222573367204
-1.19306085778813
-5.17239829544773
-8.30221740175288
-10.0684744869572
-10.1810782460106
-8.62153455838494
-5.64598397542992
-1.74313301618694
2.44601133475429
6.23342106495264
8.99704933841232
10.2829959051483
9.88005599723778
7.85440874835373
4.53874788633596
0.477639881503969
-3.66191603316527
-7.20003628484765
-9.55561751671431
-10.3417774116733
-9.42939651604081
-6.96832490936475
-3.36277072203250
0.795087292134161
4.82235961063482
8.05760419738812
9.96946220764877
10.2439287381007
8.83592521287963
5.97670312055310
2.13586310710827
-2.05577256419397
-5.90976670469698
-8.79313660806550
-10.2323155748586
-9.99093184007094
-8.10863043795500
-4.89456187373152
-0.876607027330024
3.28532237334906
6.90766811840626
9.39549359679203
10.3401966034161
9.58661845250878
7.25852734921061
3.73829061257654
-0.395925601645135
-4.46511471678473
-7.80095025262715
-9.85555223624898
-10.2914713938227
-9.03711205653285
-6.29849108353813
-2.52540150821922
1.66246178573017
5.57728118756761
8.57608400728550
10.1663447621286
10.0868779080405
8.35073513698834
5.24306175790061
1.27426423072086
-2.90381934930200
-6.60497759850783
-9.22132968476674
-10.3231641025840
-9.72951479277682
-7.53788313522294
-4.10822425369627
-0.00382773336845861
4.10119745658019
7.53263909382071
9.72691479213696
10.3236351686375
9.22479444929362
6.61086700614721
2.91116611960394
-1.26666673647427
-5.23646135750417
-8.34621588484211
-10.0851820492933
-10.1677508258129
-8.58036106051486
-5.58372676411123
-1.67001725957003
2.51797705342332
6.29241704545162
9.03338603944576
10.2907053613981
9.85787200219107
7.80597481694853
4.47201884150701
0.403575348475406
-3.73115164343846
-7.25307166706940
-9.58374210243680
-10.3403719991691
-9.39869193124823
-6.91336409486846
-3.29258048063660
0.868978865855165
4.88781651267557
8.10387574015627
9.98894872043703
10.2334297423531
8.79716507103665
5.91604782555283
2.06327472723183
-2.12837206241847
-5.97045352865421
-8.83194351114105
-10.2428688840122
-9.97149827239129
-8.06240177625853
-4.82913074590485
-0.802719887791939
3.35553024886652
6.96266573908808
9.42624811476031
10.3416568750263
9.55854464172448
7.20553031844602
3.66907463141228
-0.469992451815669
-4.53186764443110
-7.84942571000228
-9.87778858015798
-10.2838165115162
-9.00082319126184
-6.23952834403535
-2.45344897626818
1.73558657571759
5.63956816868739
8.61730312198145
10.1797261540331
10.0702238079423
8.30678082599395
5.17902632293754
1.20066489663712
-2.97489457615305
-6.66185527291033
-9.25466817750381
-10.3274878761775
-9.70411370761243
-7.48692908337769
-4.04008596446312
0.0703037127449671
4.16914665876035
7.58324602734490
9.75186773867515
10.3188358387126
9.19103108822562
6.55368493208777
2.83995695658805
-1.34020754546919
-5.30025541831792
-8.38978561609405
-10.1013715276980
-10.1539010800601
-8.53874678257977
-5.52118271225198
-1.59681571281810
2.58981342157698
6.35108977941698
9.06925868815719
10.2978861758189
9.83518160031389
7.75713988632514
4.40506006546771
0.329490083451200
-3.80019558144212
-7.30573445315677
-9.61137436360185
-10.3384353934206
-9.36750452807455
-6.85804813528624
-3.22222109672527
0.942825799431408
4.95302232364442
8.14973098029569
10.0079220928781
10.2224050470711
8.75795301173320
5.85508861840725
1.99058035526960
-2.20086222445229
-6.03083364560515
-8.87029671015718
-10.2528960087359
-9.95155246080932
-8.01575894248282
-4.76345154173727
-0.728791511886202
3.42556574809266
7.01730568201877
9.45651839876514
10.3425858873873
9.52997980079838
7.15216313378112
3.59967016692903
-0.544035158095126
-4.59838776638589
-7.89749793604876
-9.89951749410655
-10.2756333412670
-8.96407194644743
-6.18024507493605
-2.38137040866339
1.80862220722368
5.70156544064469
8.65807955887022
10.1925846051999
10.0530523923308
8.26239978897021
5.11472483721986
1.12700388342520
-3.04581698026962
-6.71839072243962
-9.28753125047813
-10.3312811183943
-9.67821411430429
-7.43559042195398
-3.97174013275540
0.144431547300002
4.23688168851621
7.63346340340835
9.77631972390732
10.3135064218734
9.15679557648238
6.49616618995275
2.76860190268969
-1.41367950691992
-5.36377720074271
-8.43292435729511
-10.1170420905059
-10.1395297202241
-8.49669386233999
-5.45835503278459
-1.52353213635593
2.66151674892772
6.40943625278121
9.10466544173860
10.3045379795265
9.81198595723120
7.70790646517487
4.33787499794013
0.255387892260528
-3.86904430034007
-7.35802193777333
-9.63851288072052
-10.3359676939129
-9.33583590864278
-6.80237987224353
-3.15169618471901
1.01662429928639
5.01797369386422
8.19516756218430
10.0263813502947
10.2108552186027
8.71829104932438
5.79382863064192
1.91778372559236
-2.27323932642198
-6.09090395376687
-8.90819423488282
-10.2623964339268
-9.93109542995557
-7.96870433270930
-4.69752763522451
-0.654825697373073
3.49542527324523
7.07158514029871
9.48630289379950
10.3429835927747
9.50092539712666
7.09842853673288
3.53008078448346
-0.618049916847655
-4.66467166545469
-7.94516446126219
-9.92073786186215
-10.2669223034503
-8.92686021003182
-6.12064432166392
-2.30916950814126
1.88156492834918
5.76326981858967
8.69841122323340
10.2049194550796
10.0353645433136
8.21759430581242
5.05016060396058
1.05328497512007
-3.11658291831515
-6.77458104282228
-9.31991721548611
-10.3345436343729
-9.65181734333618
-7.38386978825539
-3.90319026955572
0.218551962287685
4.30439906624468
7.68328864230239
9.80026949171527
10.3076471918965
9.12208967277085
6.43831373452262
2.69710462348454
-1.48707884651725
-5.42702344160531
-8.47562989237614
-10.1321929327069
-10.1246374845737
-8.45420446008792
-5.39524695321958
-1.45017029482222
2.73308335202235
6.46745346823711
9.13960448131989
10.3106604308121
9.78828626452041
7.65827708265514
4.27046709027745
0.181272581585631
-3.93769426330939
-7.40993143487382
-9.66515625966189
-10.3329690274136
-9.30368769979544
-6.74636216546387
-3.08100936753937
1.09037057433169
5.08266728672870
8.24018315171256
10.0443255444191
10.1987808502707
8.67818122127843
5.73227100922791
1.84488857781704
-2.34549965025518
-6.15066136728496
-8.94563413849035
-10.2713696715411
-9.91012823072484
-7.92124036417271
-4.63136241293078
-0.580826243938410
3.56510523558409
7.12550132555182
9.51560006980610
10.3428499707583
9.47138292326111
7.04432928768576
3.46031005894706
-0.692032925880139
-4.73071593658017
-7.99242283697320
-9.94144859331738
-10.2576838455594
-8.88918989361313
-6.06072914595956
-2.23684998372254
1.95441099196772
5.82467813271677
8.73829604319960
10.2167300700218
10.0171611695323
8.17236667821010
4.98533693988461
0.979511958714451
-3.18718875498411
-6.83042334751627
-9.35182440883460
-10.3372752565151
-9.62492475073149
-7.33176983921415
-3.83443989632799
0.292661150089609
4.37169532352151
7.73271918446908
9.82371581177940
10.3012584497749
9.08691515995906
6.38013053772649
2.62546879183868
-1.56040179367560
-5.48999089190140
-8.51790002751799
-10.1468232759902
-10.1092251381349
-8.41128075853840
-5.33186171547186
-1.37673395686694
2.80450955441771
6.52513844539907
9.17407401204997
10.3162532151610
9.76408373965458
7.60825428826888
4.20283980527822
0.107147958792107
-4.00614194375269
-7.46146027782389
-9.69130313173584
-10.3294395479667
-9.27106155301295
-6.68999789262200
-3.01016427642739
1.16406083615938
5.14709977887993
8.28477543638765
10.0617537534449
10.1861825623467
8.63762558806702
5.67041891643177
1.77189865662845
-2.41763948388080
-6.21010281637099
-8.98261449766174
-10.2798152606170
-9.88865194021973
-7.87336947513084
-4.56495927381900
-0.506796952986736
3.63460205559122
7.17905146805848
9.54440842176820
10.3421850282023
9.44135389681967
6.98986816576864
3.39036157449162
-0.765980384623422
-4.79651718701489
-8.03927063548096
-9.96164862454528
-10.2479184421818
-8.85106293234225
-6.00050262571577
-2.16441555051259
2.02715665591599
5.88578722843529
8.77773196985602
10.2280158433054
9.99844320610695
8.12671922954436
4.92025717502966
0.905688623989997
-3.25763086319553
-6.88591476785737
-9.38325119142437
-10.3394758444951
-9.59753771798527
-7.27929325124833
-3.76549254482994
0.366755303647658
4.43876700328800
7.78175249061535
9.84665747964483
10.2943405237037
9.05127384499119
6.32161958848206
2.55369808774478
-1.63364458173376
-5.55267631694027
-8.55973259126843
-10.1609323687831
-10.0932934726529
-8.36792496271658
-5.26820257568819
-1.30322689498326
2.87579168689901
6.58248822093598
9.20807226320459
10.3213160452668
9.73937962593690
7.55784065172736
4.13499661701058
0.0330178317215749
-4.07438382545527
-7.51260581954371
-9.71695215375808
-10.3253794368846
-9.23795914432366
-6.63328994919786
-2.93916455074801
1.23769129924598
5.21126786036681
8.32894212547223
10.0786650820703
10.1730610020138
8.59662623306697
5.60827552964537
1.69881771157766
-2.48965512141745
-6.26922524746983
-9.01913341268615
-10.2877327672966
-9.86666766169254
-7.82509412475592
-4.49832162906562
-0.432741627471793
3.70391216316336
7.23223281690470
9.57272646977661
10.3409887992652
9.41083986041854
6.93504796868983
3.32023892442936
-0.839888494334600
-4.86207203649559
-8.08570545017482
-9.98133691785334
-10.2376265949733
-8.81248128483676
-5.93996785481361
-2.09186992953583
2.09979818319520
5.94659396651977
8.81671697734605
10.2387761951710
9.97921161459508
8.08065430476142
4.85492465259776
0.831818763313261
-3.32790562428823
-6.94105245320486
-9.41419594883925
-10.3411452852671
-9.56965765198972
-7.22644272011921
-3.69635175694476
0.440830616692493
4.50561066001575
7.83038604186541
9.86909331677884
10.2868937690622
9.01516755879032
6.26278389254397
2.48179619812404
-1.70680344815764
-5.61507649651915
-8.60112543465891
-10.1745194862898
-10.0768433065487
-8.32413929984603
-5.20427280409187
-1.22965288528122
2.94692608764338
6.63949984874913
9.24159748826508
10.3258486610480
9.71417519243762
7.50703876282134
4.06694101063381
-0.0411139914992341
-4.14241640277451
-7.56336543264884
-9.74210200811442
-10.3207889027381
-9.20438217422918
-6.57624124832062
-2.86801383781660
1.31125818113293
5.27516823482327
8.37268095008646
10.0950586615467
10.1594168433373
8.55518526244952
5.54584404122459
1.62564949689406
-2.56154286336378
-6.32802562341266
-9.05518900755632
-10.2951217848520
-9.84417652449615
-7.77641679298704