-7.31360543781246
-9.86623598562925
-10.1836140262419
-8.19383573918175
-4.34769683939127
0.483437784702595
5.20504679822850
8.74742252331474
10.3080193658268
9.53327513547840
6.59871259351823
2.16917376166741
-2.75180386167297
-7.04934449342935
-9.74981558660635
-10.2414098835580
-8.41275386895492
-4.67814008023584
0.116333249510895
4.88445061250200
8.54596759680637
10.2713464707847
9.66969272719480
6.87731448199779
2.52684108672447
-2.39610268961761
-6.77619562068417
-9.62110246127996
-10.2862932044736
-8.62106506161722
-5.00268504586637
-0.250917960536725
4.55769603188186
8.33373777514916
10.2217232948052
9.79391861281396
7.14724534035585
2.88132252938036
-2.03738047226175
-6.49450321012497
-9.48025889325504
-10.3182073993666
-8.81850667502382
-5.32092254470385
-0.617852809132534
4.22519503386576
8.11100064115921
10.1592124035970
9.90579616631577
7.40816483536942
3.23217115365826
-1.67608949242017
-6.20462242413139
-9.32746246039635
-10.3371122303002
-9.00482977157244
-5.63245133772595
-0.984008658842601
3.88736684112793
7.87803702544316
10.0838926119099
10.0051843306585
7.65974399548911
3.57894460389767
-1.31268527164525
-5.90691874912016
-9.16290581093525
-10.3429838617556
-9.17979943206804
-5.93687864435614
-1.34892385440741
3.54463739295665
7.63514065232243
9.99585888416412
10.0919577956255
7.90166562561191
3.92120566248412
-0.947625995897850
-5.60176753473395
-8.98679642057583
-10.3358148906842
-9.34319505191257
-6.23382063768736
-1.71213830480424
3.19743880822277
7.38261776950058
9.89522221471750
10.1660071558189
8.13362470700605
4.25852280109988
-0.581371937859295
-5.28955352059439
-8.79935633090603
-10.3156143558416
-9.49481061924709
-6.52290292841775
-2.07319406333792
2.84620884055739
7.12078676194172
9.78210948792223
10.2272390485991
8.35532878188340
4.59047072480230
-0.214384876611543
-4.97067035121614
-8.60082186944411
-10.2824077263911
-9.63445497469466
-6.80376103688632
-2.43163590502689
2.49139032642471
6.84997775044494
9.65666331814662
10.2755762717983
8.56649832213495
4.91663090824192
0.152872484580622
-4.64552007969314
-8.39144335167283
-10.2362368697921
-9.76195205237728
-7.07604085261505
-2.78701190055853
2.13343062678694
6.57053217542311
9.51904186996489
10.3109578810582
8.76686708176483
5.23659212334693
0.519937101653984
-4.31451266078433
-8.17148476543812
-10.1771599990125
-9.87714110190268
-7.33939908077724
-3.13887398608912
1.77278106306409
6.28280236640913
9.36941865874067
10.3333392666694
8.95618243257700
5.54995095780537
0.886346173560698
-3.97806543403477
-7.94122343810817
-10.1052515991334
-9.97987689104092
-7.59350367502915
-3.48677852816984
1.40989634810068
5.98715109783279
9.20798233185577
10.3426922098165
9.13420568269354
5.85631232369486
1.25163772577420
-3.63660259758857
-7.70094968691508
-10.0206023334366
-10.0700298888357
-7.83803425615912
-3.83028688308726
1.04523401285620
5.68395113162922
9.03493643086074
10.3390049181563
9.30071237750093
6.15528995561475
1.61535119275564
-3.29055467335177
-7.45096645291820
-9.92331892909511
-10.1474864289188
-8.07268251602747
-4.16896594991206
0.679253829542649
5.37358474725480
8.85049913484616
10.3222820406863
9.45549258264622
6.44650689769688
1.97702799864112
-2.94035796418378
-7.19158891905095
-9.81352404260975
-10.2121488528228
-8.29715260628613
-4.50238871656001
0.312417231936791
5.05644325970215
8.65490298535923
10.2925446618827
9.59835114872550
6.72959597887723
2.33621213542268
-2.58645400380005
-6.92314411273288
-9.69135610516188
-10.2639356331105
-8.51116151138879
-4.83013479817614
-0.0548132664039668
4.73292652612473
8.44839459321117
10.2498302751172
9.72910795733172
7.00420027583098
2.69245073789016
-2.22928900007833
-6.64597049354828
-9.55696914807695
-10.3027814761658
-8.71443940542207
-5.15179096716195
-0.421974655285752
4.40344244169005
8.23123432754647
10.1941927353843
9.84759814815078
7.26997356298748
3.04529465461062
-1.86931327247294
-6.36041752651125
-9.41053260861931
-10.3286374045169
-8.90672999230610
-5.46695167418034
-0.788604011648583
4.06840642529849
8.00369598756551
10.1257021914004
9.95367232681995
7.52658074905739
3.39429901422663
-1.50698068424491
-6.06684524145381
-9.25223111636343
-10.3414708185881
-9.08779082893670
-5.77521955947847
-1.15423908322819
3.72824089581670
7.76606645731356
10.0444449971589
10.0471967532870
7.77369829952050
3.73902378635690
-1.14274807022371
-5.76562377909475
-9.08226426040914
-10.3412655378022
-9.25739363086166
-6.07620595388501
-1.51841887137074
3.38337473948522
7.51864534397293
9.95052360305405
10.1280535104317
8.01101464454398
4.07903433639332
-0.777074660821383
-5.45713292436044
-8.90084633773689
-10.3280218209802
-9.41532456010603
-6.36953136885158
-1.88068421226718
3.03424276917140
7.26174460011360
9.84405642670917
10.1961406527375
8.23823057181490
4.41390197349661
-0.410421503029299
-5.14176162754557
-8.70820608301873
-10.3017563660163
-9.56138449478148
-6.65482597491651
-2.24057835587488
2.68128517615031
6.99568813037799
9.72517770367466
10.2513723348263
8.45505960379055
4.74320449109443
-0.0432508791205190
-4.81990751391791
-8.50458638022583
-10.2625022888238
-9.69538928014329
-6.93173006799398
-2.59764754179508
2.32494697510474
6.72081138309687
9.59403731818057
10.2936789196938
8.66122835889557
5.06652669920945
0.323974276200864
-4.49197638238689
-8.29024395639585
-10.2103090815826
-9.81716996077532
-7.19989452289278
-2.95144157138255
1.96567744304228
6.43746092735084
9.45080061416145
10.3230070665086
8.85647689620563
5.38346094793469
0.690790959477396
-4.15838169386393
-8.06544905794826
-10.1452425503386
-9.92657299361170
-7.45898123350013
-3.30151437536164
1.60392955284158
6.14599401600944
9.29564818678654
10.3393197978655
9.04055904318424
5.69360764140739
1.05673668226042
-3.81954404996721
-7.83048510995267
-10.0673847320342
-10.0234604415268
-7.70866353907090
-3.64742457623886
1.24015940213443
5.84677813530235
9.12877565476376
10.3425965464071
9.21324270606244
5.99657574162404
1.42135005422128
-3.47589066271659
-7.58564835878194
-9.97683379107497
-10.1077101472478
-7.94862663608765
-3.98873604479853
0.874825638252469
5.54019054148605
8.95039341369935
10.3328331807554
9.37431016246475
6.29198326146966
1.78417136488212
-3.12785481590092
-7.33124749860026
-9.87370389556220
-10.1792158873738
-8.17856797516856
-4.32501844998129
0.508388879956020
5.22661778519200
8.76072637082875
10.3100420107209
9.52355833591894
6.57945774633069
2.14474316322426
-2.77587531878436
-7.06760328215557
-9.75812507334802
-10.2378875063027
-8.39819764252825
-4.65584780145361
0.141311136679017
4.90645522406002
8.56001366144857
10.2742517717820
9.66079905189662
6.85863674369405
2.50261083445111
-2.42039595285046
-6.79504811637084
-9.63024304809420
-10.2836510299016
-8.60723872550461
-4.98080698417985
-0.225944773981180
4.58010652426147
8.34850834741280
10.2255075888550
9.78585927506784
7.12916826013285
2.85732317317330
-2.06186491227408
-6.51392564323820
-9.49021905554102
-10.3164487587746
-8.80542766169472
-5.29948628432978
-0.592915809789993
4.24798315155338
8.12647709806601
10.1638709193996
9.89858132746595
7.39071120510412
3.20843295229694
-1.70073423883118
-6.22459030655113
-9.33822964021932
-10.3362393410110
-8.99251457126007
-5.61148390585064
-0.959139287687696
3.91050385249339
7.89419985402416
10.0894194759327
9.99882308729145
7.64293582100306
3.55549748689281
-1.33745925195749
-5.92740690501502
-9.17446643285940
-10.3429978243222
-9.16826357197738
-5.91640647705917
-1.32415346714893
3.56809412647938
7.65196947422022
10.0022471280469
10.0864581681005
7.88552409892532
3.89807919234302
-0.972497974673156
-5.62275013230325
-8.99913590878072
-10.3367156875024
-9.33245307664412
-6.21386954661057
-1.68749813234944
3.22118568927051
7.40009136666230
9.90246378405848
10.1613760781557
8.11817017961864
4.23574613605284
-0.606310556101913
-5.31100410463759
-8.81245912756394
-10.3174008511721
-9.48487607245808
-6.50349806822192
-2.04871517241782
2.87021592867621
7.13888310337156
9.79019525243268
10.2234823597360
8.34058073911482
4.56807258203950
-0.239358691305227
-4.99256187648715
-8.61467145433571
-10.2850776677915
-9.62534038202363
-6.78492687353527
-2.40734915902560
2.51562735308664
6.86867401998047
9.66558308316306
10.2726987082298
8.55247535855800
4.89463952770671
0.127894960828301
-4.66782494500071
-8.40602226301581
-10.2397868909567
-9.75366890565115
-7.05780113252855
-2.76294792060135
2.15786703355398
6.58980480050359
9.52878438930211
10.3089630708632
8.75358687776017
5.21503523212977
0.494987360911972
-4.33720274379051
-8.18677462190364
-10.1815856240169
-9.86969984464775
-7.32177680089190
-3.11506311243368
1.79738604011654
6.30262704779461
9.37997164887177
10.3322297249373
8.94366173204240
5.52885573518599
0.861455672868301
-4.00111212671351
-7.95720496199600
-10.1105472480774
-9.97328690531547
-7.57652105380218
-3.46325078195405
1.43463887308321
6.00750284024211
9.21933248739877
10.3424693354754
9.12246027193216
5.83570536687361
1.22683784748028
-3.65997684229419
-7.71760272845968
-10.0267613294798
-10.0642994834011
-7.82171270555568
-3.80707192847637
1.07008288998941
5.70480427525465
9.04706944135464
10.3396689922099
9.28975706531809
6.13519724617856
1.59067320494996
-3.31422699945581
-7.46827001569353
-9.93033350687500
-10.1426228287636
-8.05704261452482
-4.14609305669898
0.704177728957933
5.39491300011258
8.86339970279392
10.3238322258591
9.44534118167742
6.42695376886086
1.95250301573342
-2.96429852523288
-7.20952118644353
-9.82138535803249
-10.2081581900533
-8.28221407292674
-4.47988672326041
0.337384729176226
5.07821973078379
8.66855484551475
10.2949790036761
9.58901645802287
6.71060708354439
2.31187107891088
-2.61063261514391
-6.94168247544747
-9.70005424655279
-10.2608229392192
-8.49694318091894
-4.80803207567038
-0.0298336507681745
4.75512375930079
8.46278053308648
10.2531457042734
9.72060174622533
6.98579955551032
2.66832429737466
-2.25367517692993
-6.66509157811532
-9.56649314867767
-10.3005506756879
-8.70095920454408
-5.13011538292271
-0.397014415959735
4.42603245032723
8.24633620911432
10.1983850717562
9.83993114141011
7.25218421760742
3.02141324910019
-1.89387626834341
-6.38009722475573
-9.42087046041511
-10.3272913100821
-8.89400491707707
-5.44573055713729
-0.763694618908801
4.09136072754648
8.01949477012754
10.1307661492220
9.94685419113185
7.50942520771381
3.37069275378689
-1.53168952970896
-6.08705874089163
-9.26336978522203
-10.3410111273742
-9.07583692333874
-5.75447966556102
-1.12941194324275
3.75153055051693
7.78254222150736
10.0503741917098
10.0412360850682
7.75719819219947
3.71572243414539
-1.16757161196680
-5.78634559421668
-9.09418970251539
-10.3416928293952
-9.24622596657381
-6.05597343228987
-1.49370528660199
3.40697038266169
7.53577731688674
9.95731055870901
10.1229578249897
7.99519077484929
4.05606727113460
-0.801981600916867
-5.47833692876494
-8.91354351729921
-10.3293355566441
-9.40495721750113
-6.34983172907130
-1.85611534200478
3.05811465105284
7.27951118147691
9.85169258636425
10.1919163747955
8.22310289073922
4.39129815243972
-0.435380438401838
-5.16342108687789
-8.72165899122630
-10.3039548893716
-9.55183054517378
-6.63568405457860
-2.21618517695122
2.70540319867978
7.01406691979562
9.73365343953509
10.2480247904228
8.44064718456078
4.72099241350621
-0.0682303411382852
-4.84199511957903
-8.51877805543269
-10.2655828279365
-9.68666076930834
-6.91317000154226
-2.57346080952777
2.34928072988572
6.73977920829176
9.60334194390071
10.2912123294673
8.64754937292479
5.04473437043888
0.299005782050171
-4.51446428596356
-8.30515650550689
-10.2142677524588
-9.80927789376175
-7.18193971116180
-2.92749178079731
1.99019624968011
6.45699387338024
9.46092239831742
10.3214245403762
8.84354859018170
5.36211584410509
0.665864913878787
-4.18124154224155
-8.08106367897866
-10.1500743618217
-9.91952732086622
-7.44165431420899
-3.27783172274400
1.62860249762574
6.16606745541662
9.30657436766837
10.3386233311019
9.02839771732644
5.67273667477360
1.03188451237791
-3.84274702107660
-7.84678211573388
-10.0730835920975
-10.0172700463483
-7.69198635828188
-3.62403892106357
1.26495537701453
5.86736675916793
9.14049245646424
10.3427870171290
9.20186369356823
5.97620522664001
1.39660309407575
-3.49940750187356
-7.60260720178403
-9.98339251450290
-10.1023828345875
-7.93262022066172
-3.96567687208055
0.899713380060071
5.56126839133745
8.96288606348389
10.3339103488142
9.36372781017868
6.27213888161249
1.75956081584314
-3.15165587269131
-7.34884679683713
-9.88111421300940
-10.1747583739940
-8.16325250625484
-4.30231483310145
0.533337009820283
5.24815828573380
8.77397911776112
10.3120045180055
9.51378598624302
6.56016452171799
2.12030005467353
-2.79993058444781
-7.08582084614554
-9.76637764176573
-10.2343054123090
-8.38359243011960
-4.63352836550162
0.166288199591142
4.92843121667727
8.57400979624988
10.2770971439313
9.65184902596861
6.83991899953790
2.47836598465803
-2.44467509811731
-6.81386097711226
-9.63932746250947
-10.2809488716565
-8.59336218409057
-4.95889986986437
-0.200970269508663
4.60249030126497
8.36323022352833
10.2292322383774
9.77774285722610
7.11104959606931
2.83330715043970
-2.08633732560193
-6.53331008117004
-9.50012386217603
-10.3146299432032
-8.79229728704506
-5.27801911249712
-0.567975352018539
4.27074649111221
8.14190615391440
10.1684701501965
9.89130875102239
7.37321446544062
3.18467603641517
-1.72536906500269
-6.24452188145876
-9.34894235093262
-10.3353061613055
-8.98014691836458
-5.59048374266071
-0.934264321953591
3.93361805421796
7.91031663640047
10.0948874892189
9.99240352162873
7.62608306591375
3.53202963096967
-1.36222543098227
-5.94786048684367
-9.18597354089123
-10.3429514570509
-9.15667423417473
-5.89589979985979
-1.29937535621357
3.59153004760848
7.66875366282251
10.0085770296621
10.0808997071115
7.86933657663833
3.87492998503323
-0.997364280949565
-5.64369993284381
-9.01142290578157
-10.3375561911259
-9.32165666596028
-6.19388221055414
-1.66284811685928
3.24491378141304
7.41752179971278
9.90964759315960
10.1566857300389
8.10266829962574
4.21294476425406
-0.631245637786250
-5.33242371004002
-8.82551052188786
-10.3191271659697
-9.47488620118336
-6.48405527366756
-2.02422433151303
2.89420627506654
7.15693780429572
9.79822391155605
10.2196660381585
8.32578404643863
4.54564779409269
-0.264331109840053
-5.01442428056432
-8.62847079057197
-10.2876876171974
-9.61616964555033
-6.76605313427504
-2.38304837115818
2.53984970630556
6.88733022511773
9.67444646964477
10.2697612248721
8.53840250910986
4.87261959714927
0.102916691075043
-4.69010258327719
-8.42055214273668
-10.2432771843041
-9.74532886659299
-7.03952024488056
-2.73886782460077
2.18229085366456
6.60903898780619
9.53847132804012
10.3069081293521
8.74025561481805
5.19344792204960
0.470034732949652
-4.35986752825734
-8.20201672560025
-10.1859518606871
-9.86220101826204
-7.30411181369622
-3.09123406887690
1.82198053316799
6.32241496648611
9.39046992641570
10.3310599161765
8.93108886387989
5.50772826321526
0.836560147376112
-4.02413548124124
-7.97314007217559
-10.1157839230482
-9.96663874624474
-7.55949423936305
-3.43970283488679
1.45937302993749
6.02781954139230
9.23062886734942
10.3421861343789
9.11066165062565
5.81506437087286
1.20203081314286
-3.68332973866243
-7.73421075387576
-10.0328618402660
-10.0585103737525
-7.80534553155848
-3.78383476753358
1.09492552541955
5.72562414323530
9.05914968105243
10.3402727558423
9.27874756676167
6.11506875065178
1.56598593888145
-3.33787999395298
-7.48553001667714
-9.93729016185326
-10.1377000675408
-8.04135571696872
-4.12319597967223
0.729097520964814
5.41620978489549
8.87624857127546
10.3253221929853
9.43513468682670
6.40736315214284
1.92796664403983
-2.98822179577685
-7.22741140130429
-9.82918938613881
-10.2041079839539
-8.26722723010806
-4.45735859915817
0.362350258479007
5.09996658103581
8.68215614271718
10.2973532957213
9.57962583539241
6.69157904580447
2.28751653744874
-2.63479599888632
-6.96018034791106
-9.70869580834150
-10.2576503948092
-8.48267528849251
-4.78590130831768
-0.00485386111490783
4.77729325623941
8.47711711027306
10.2564013276915
9.71203883566512
6.96735808760797
2.64418229274712
-2.27804820828298
-6.68417378576239
-9.57596134872714
-10.2982597929628
-8.68742825170174
-5.10840987515099
-0.372051860881666
4.44859664228910
8.26138999049500
10.2025179218042
9.83220673917707
7.23435257084534
2.99751421994049
-1.91842821739274
-6.39973970842849
-9.43115336106405
-10.3258849774241
-8.88122796386424
-5.42447767560483
-0.738780771602567
4.11429116523028
8.03524677564992
10.1357710151352
9.93997803627850
7.49222586452312
3.34706683237971
-1.55638944095672
-6.10723673502671
-9.27445442162201
-10.3404911179105
-9.06383007914616
-5.73370620624752
-1.10457821549167
3.77479832285385
7.79897259078594
10.0562447632718
10.0352168471624
7.74065283779223
3.69239940843728
-1.19238834336197
-5.80703365807089
-9.10606209897630
-10.3420597987622
-9.23500436982593
-6.03570558671071
-1.46898298917512
3.43054615326593
7.55286533424390
9.96403943420753
10.1178030931846
7.97932026987820
4.03307654717572
-0.826883863121441
-5.49950897848942
-8.92618870491050
-10.3305890421608
-9.39453501657021
-6.33009505125632
-1.83153564517798
3.08196869520826
7.29723530206241
9.85927128192327
10.1876326482609
8.20792724499472
4.36866871731096
-0.460336834236830
-5.18505042840797
-8.73506102672918
-10.3060933106232
-9.54222088054052
-6.61650342885222
-2.19177907120605
2.72950544081837
7.03240479674996
9.74207239981216
10.2446174701511
8.42618553174492
4.69875279876637
-0.0932094051744934
-4.86405448228912
-8.53292004132248
-10.2686034887664
-9.67787575699463
-6.89456961115073
-2.54925906647932
2.37360078150916
6.75870772092012
9.61259055413318
10.2886857114633
8.63381994652434
5.02291261615650
0.274035543825323
-4.53692585704879
-8.32002061133744
-10.2181668443689
-9.80132861005381
-7.16394300777943
-2.90352491439857
2.01470344767058
6.47648915630600
9.47098899770730
10.3197818102409
8.83056870048204
5.34073946350444
0.640934984346624
-4.20407700178828
-8.09663116384322
-10.1548469687732
-9.91242378835081
-7.42428398837339
-3.25412995080994
1.65326594290882
6.18610492866998
9.31744626408244
10.3378665600164
9.01618372958300
5.65183261954253
1.00702632359966
-3.86592757776495
-7.86303335189357
-10.0787236967098
-10.0110212212745
-7.67526431078199
-3.60063212717377
1.28974397351610
5.88792115917529
9.15215594243917
10.3429171592425
9.19043100737573
5.95579985295236
1.37184798766191
-3.52290392927951
-7.61952169941596
-9.98989300564042
-10.0969965955760
-7.91656753492819
-3.94259456790311
0.924595873914473
5.58231380277745
8.97532643350660
10.3349272400414
9.35309084005465
6.25225791689625
1.73494000343452
-3.17543854613759
-7.36640322986758
-9.88846689474675
-10.1702415121029
-8.14788942177529
-4.27958612118038
0.558282028774542
5.26966817420688
8.78718068681019
10.3139068762335
9.50395814345238
6.54083303221592
2.09584457859087
-2.82396951835121
-7.10399707913738
-9.77457324372218
-10.2306636224710
-8.36893831692047
-4.61118190256820
0.191264292557865
4.95037846216768
8.58795591957234
10.2798825706358
9.64284270161542
6.82116135870823
2.45410667876509
-2.46893998379897
-6.83263409317442
-9.64835565153677
-10.2781867454997
-8.57943551831716
-4.93696383070200
-0.175994592793142
4.62484723232813
8.37790331762442
10.2328972216469
9.76956940663123
7.09288945385067
2.80927460126334
-2.11079756949932
-6.55265641085288
-9.50997325538623
-10.3127509632612
-8.77911562766377
-5.25652115442131
-0.543031581294832
4.29348491976421
8.15728771870771
10.1730100691605
9.88397847940509
7.35567471843654
3.16090054458600
-1.74999382724072
-6.26441703259332
-9.35960053005056
-10.3343126966268
-8.96772688502718
-5.56945097064819
-0.909383906734715
3.95670931147920
7.92638727856429
10.1002966198737
9.98592567111522
7.60918582852293
3.50854117301393
-1.38698366426076
-5.96827937530072
-9.19742706791029
-10.3428447602120
-9.14503148626067
-5.87535873237112
-1.27458966613113
3.61494501964460
7.68549312022869
10.0148485520875
10.0752824450811
7.85310315317211
3.85175817558133
-1.02222476968356
-5.66461681415522
-9.02365733990913
-10.3383363966519
-9.31080588283556
-6.17385874610229
-1.63818840211622
3.26862294624535
7.43490896698030
9.91677360011823
10.1519361388268
8.08711915744961
4.19011881870189
-0.656177037467190
-5.35381221186212
-8.83851043775011
-10.3207932901648
-9.46484106369286
-6.46457465816313
-1.99972168347880
2.91817973979493
7.17495075940209
9.80619541846211
10.2157901061271
8.31093879016394
4.52319649176312
-0.289301986553707
-5.03625743592461
-8.64221979766264
-10.2902375593849
-9.60694281876655
-6.74713992919534
-2.35873368316997
2.56405724479407
6.90594625703490
9.68325342589250
10.2667638388593
8.52427985587720
4.85057124501156
0.0779378210179540
-4.71235286457877
-8.43503290608432
-10.2467077294756
-9.73693198384968
-7.02119829630261
-2.71477175301381
2.20670194465493
6.62823462513875
9.54810262967587
10.3047930685112
8.72687337069932
5.17183031902370
0.445079363314194
-4.38250688198315
-8.21721098762153
-10.1902586835552
-9.85464466648591
-7.28640422223077
-3.06738699441020
1.84656439875965
6.34216600706095
9.40091343013702
10.3298298472106
8.91846390142552
5.48656866512721
0.811659742299400
-4.04713536332428
-7.98902867569775
-10.1209615935006
-9.95993245260683
-7.54242333102946
-3.41613482432137
1.48409867439111
6.04810108277667
9.24187140581720
10.3418426081790
9.09880988759514
5.79438945608959
1.17721676746180
-3.70666115047780
-7.75077366628943
-10.0389038302116
-10.0526625936574
-7.78893282963684
-3.76057553580051
1.11976177424101
5.74641061413149
9.07117707949024
10.3408162055317
9.26768394605005
6.09490458644258
1.54128953854727
-3.36151351887608
-7.50274635519177
-9.94418885345234
-10.1327181739647
-8.02562191486018
-4.10027485238921
0.754013060205305
5.43747497738142
8.88904566534425
10.3267519333740
9.42487315762720
6.38773516181392
1.90341902667809
-3.01212763627394
-7.24525945928025
-9.83693608140899
-10.1999982581494
-8.25219216524699
-4.43480447565690
0.387313674222563
5.12168368361143
8.69570679763172
10.2996675241693
9.57017933560869
6.67251197664619
2.26314865309467
-2.65894401408544
-6.97863762222656
-9.71728074012284
-10.2544180183856
-8.46835791733358
-4.76374262520443
0.0201259568505232
4.79943488762649
8.49140424114686
10.2595971263817
9.70341927559752
6.94887597969081
2.62002486482568
-2.30240795197208
-6.70321700518491
-9.58537369299799
-10.2959088413528
-8.67384662581942
-5.08667457045384
-0.347087135656915
4.47113488595968
8.27639558388142
10.2065912614218
9.82442498650755
7.21647872671289
2.97359770653142
-1.94296897641076
-6.41934486295726
-9.44138125058719
-10.3244184147459
-8.86839920719429
-5.40319315355047
-0.713862615048940
4.13719760459966
8.05095191225205
10.1407167599470
9.93304390236775
7.47498281980835
3.32342138781158
-1.58108027391553
-6.12737910616263
-9.28548496090771
-10.3399107932302
-9.05177036639336
-5.71289930270707
-1.07973804482801
3.79804407710906
7.81535746931136
10.0620566776023
10.0291390746791
7.72406233280682
3.66905484527285
-1.21719811965604
-5.82768784998480
-9.11788138054146
-10.3423664437626
-9.22372890607339
-6.01540253536804
-1.44425212329380
3.45410191378191
7.56990929637205
9.97071019030068
10.1125893450836
7.96340322220185
4.01006229862102
-0.851781302181859
-5.52064895004023
-8.93878182681156
-10.3317822702189
-9.38405801810547
-6.31032145052832
-1.80694526515637
3.10580476249901
7.31491685848701
9.86679246918078
10.1832894981205
8.19270372310002
4.34601380010326
-0.485290544966301
-5.20664952597419
-8.74841211135378
-10.3081716172976
-9.53255555693416
-6.59728420961681
-2.16736018099698
2.75359176198088
7.05070165427708
9.75043453539838
10.2411503938856
8.41167472969626
4.67648577659645
-0.118187925528066
-4.88608547337723
-8.54701225540570
-10.2715642536944
-9.66903429444411
-6.87592900531347
-2.52504245381674
2.39790698811792
6.77759681057463
9.62178309493172
10.2860990804192
8.62004015977728
5.00106156364754
0.249063707171802
-4.55936096462743
-8.33483618718554
-10.2220063345695
-9.79332215601911
-7.14590451771934
-2.87954111198219
2.03919889406439
6.49594666241421
9.48100035361298
10.3180788856847
8.81753730281557
5.31933193081937
0.616001316293917
-4.22688793930626
-8.11215142173756
-10.1595603433549
-9.90526243749926
-7.40687035731257
-3.23040919780963
1.67791974483046
6.20610631889216
9.32826381261518
10.3370494890231
9.00391715119678
5.63089559764676
0.982162260921409
-3.88908558482174
-7.87923872364060
-10.0843050129730
-10.0047140027546
-7.65849749411011
-3.57720433110015
1.31452504705111
5.90844121543284
9.16376604465654
10.3429869719885
9.17894471417099
5.93535973958464
1.34708487937218
-3.54637980788261
-7.63639175301749
-9.99633522657039
-10.0915514616311
-7.90046867252007
-3.91948926690309
0.949472974679349
5.60332665304918
8.98771445120343
10.3358838485057
9.34239931413645
6.23234048328447
1.71030907126593
-3.19920269751685
-7.38391669528600
-9.89576189788703
-10.1656653280467
-8.13247881134004
-4.25683244679381
0.583223791316596
5.29114732515043
8.80033100097140
10.3157490743085
9.49407486487153
6.52146339058525
2.07137687762389
-2.84799198027919
-7.12213187510980
-9.78271183141329
-10.2269621580309
-8.35423538840636
-4.58880854299732
0.216239269896614
4.97229683251715
8.60185195006792
10.2826080356482
9.63378013137028
6.80236393061699
2.42983305827448
-2.49319046836155
-6.85136735505597
-9.65732756251513
-10.2753646675423
-8.56545880941597
-4.91499899464511
-0.151017889515936
4.64717718704617
8.39252754411276
10.2365025172861
9.76133897095798
7.07468793940416
2.78522566582521
-2.13524550129169
-6.57196451944099
-9.51976717772033
-10.3108118299086
-8.76588276043773
-5.23499253550042
-0.518084643114674
4.31619830488127
8.17262170272586
10.1774906498107
9.87659055537110
7.33809206639894
3.13710661548875
-1.77460838191225
-6.28427564391017
-9.37020411540360
-10.3332589527698
-8.95525454369025
-5.54838571249671
-0.884498187155269
3.97977748958720
7.94241168677542
10.1056468363461
9.97938957353513
7.59224420738918
3.48503225003319
-1.41173380737998
-5.98866345128570
-9.20882694710968
-10.3426777344279
-9.13333539614514
-5.85478339440966
-1.24979654147534
3.63833890600990
7.70218774879870
10.0210616587420
10.0696064147738
7.83682392321409
3.82856389914899
-1.04707929586805
-5.68550065423329
-9.03583913980040
-10.3390562995296
-9.29990079056177
-6.15379927005209
-1.61351913195717
3.29231304547497
7.45225276704880
9.92384176336865
10.1471273322235
8.07152284378490
4.16726843253948
-0.681104609723144
-5.37516948534755
-8.85145879932208
-10.3223992140389
-9.45474071857831
-6.44505633533834
-1.97520737123645
2.94213618302588
7.19292186362345
9.81410972665354
10.2118545862494
8.29604505688030
4.50071880600972
-0.314271175791985
-5.05806121522012
-8.65591839541012
-10.2927274794806
-9.59765995549183
-6.72818736861443
-2.33440523688734
2.58824982735364
6.92452200714818
9.69200390053552
10.2637065676749
8.51010748123543
4.82849459989847
0.0529584963566860
-4.73457565912223
-8.44946446859214
-10.2500785064610
-9.72847830639953
-7.00283539366270
-2.69065984639227
2.23110016413869
6.64739160053565
9.55767823802988
10.3026179006774
8.71344022346021
5.15018254914675
0.420121397569350
-4.40512067291424
-8.23235731934131
-10.1945060675000
-9.84703083339457
-7.26865412978036
-3.04352202813435
1.87113749349620
6.36188005431576
9.41130209911903
10.3285395252144
8.90578691831993
5.46537706434623
0.786754602880724
-4.07011163880812
-8.00487067988708
-10.1260802292335
-9.95316806351908
-7.52530842837337
-3.39254688772832
1.50881566222234
6.06834734609565
9.25306003722415
10.3414387588793
9.08690505196929
5.77368074312004
1.15239585517474
-3.72997094164985
-7.76729136909137
-10.0448872640735
-10.0467561772249
-7.77247469552312
-3.73729436894715
1.14459149158489
5.76716356669698
9.08315156651396
10.3412993381084
9.25656626771574
6.07470487116614
1.51658414800235
-3.38512743637303
-7.51991893081840
-9.95102954143234
-10.1276771770940
-8.00984129997241
-4.07732980854881
0.778924201352088
5.45870845353280
8.90179091035533
10.3281214386856
9.41455665393380
6.36806991236159
1.87886030683296
-3.03601590728397
-7.26306525626687
-9.84462539865628
-10.1958290366115
-8.23710896604074
-4.41222448431449
0.412274830797385
5.14337091183609
8.70920673121885
10.3019216755211
9.56067701377165
6.65340598728483
2.23876756798566
-2.68307651988734
-6.99705419073511
-9.72580899182139
-10.2511258288026
-8.45399115095353
-4.74155615557985
0.0451056574217617
4.82154852431488
8.50564184237394
10.2627330817031
9.69474311629990
6.93035333956300
2.59585215452086
-2.32675426590946
-6.72222112530584
-9.59473012658834
-10.2934978345710
-8.66021440611791
-5.06490959561044
-0.322120385902627
4.49364704987637
8.29135290174757
10.2106050668491
9.81658592879185
7.19856278946417
2.94966384837770
-1.96749840225328
-6.43891257398636
-9.45155406932636
-10.3228916306019
-8.85551872189599
-5.38187711512306
-0.688940294596370
4.16007991204273
8.06661008832794
10.1456033548093
9.92605182984564
7.45769617414593
3.29975655800717
-1.60576188456468
-6.14748573681205
-9.29646133873967
-10.3392701567184
-9.03965785542392
-5.69205907630411
-1.05489157614474
3.82126767769257
7.83169676151354
10.0678099008007
10.0230028030697
7.70742677401427
3.64568888081953
-1.24200079613507
-5.84830804948521
-9.12964747827027
-10.3426127626078
-9.21239964108341
-5.99506439668548
-1.41951283321225
3.47763752681195
7.58690910385477
9.97732278807788
10.1073166110977
7.94743972466267
3.98702465970849
-0.876673772872278
-5.54175672010917
-8.95132280955011
-10.3329152338584
-9.37352628321786
-6.29051104222460
-1.78234434537646
3.12962271389020
7.33255574761693
9.87425610426580
10.1788869497074
8.17743241385194
4.32333353296192
-0.510241425036764
-5.22821825359135
-8.76171216722560
-10.3101897972723
-9.52283463073175
-6.57802650897645
-2.14292864875793
2.77766202167324
7.06895738565379
9.75873979751892
10.2376235818499
8.39711486305404
4.65419147687654
-0.143165756500216
-4.90808796433949
-8.56105461548429
-10.2744651054502
-9.66013643322806
-6.85724829275912
-2.50081111279466
2.42219920793597
6.79644636707549
9.63091951267810
10.2834524514228
8.60621009305932
4.97918134036529
0.224090417752938
-4.58176947783474
-8.34960314663528
-10.2257862006652
-9.78525857835863
-7.12782434619768
-2.85554051344424
2.06368244598283
6.51536627821135
9.49095640764001
10.3163157766407
8.80445447319456
5.29789337091569
0.591064055158420
-4.24967422174121
-8.12762436213404
-10.1642144580737
-9.89804331008399
-7.38941352259753
-3.20666960210254
1.70256375958593
6.22607150941765
9.33902695016822
10.3361721228879
8.99159805371742
5.60992573120920
0.957292469374315
-3.91222090716827
-7.89539813644924
-10.0898275083316
-9.99834842757798
-7.64168600606490
-3.55375566949288
1.33929845306954
5.92892680825024
9.17532269539644
10.3429964549598
9.16740488095259
5.91488500576137
1.32231391365177
-3.56983500075056
-7.65321726418740
-10.0027191397165
-10.0860474645140
-7.88432372734182
-3.89636110384905
0.974344537246903
5.62430681958745
9.00005004431669
10.3367801686272
9.33165329478812
6.21238669695245
1.68566816300927
-3.22294818821479
-7.40138709093864
-9.90299917987892
-10.1610298485181
-8.11702076483862
-4.23405394265988
0.608162151962064
5.31259561327381
8.81342998354191
10.3175311014851
9.48413620814949
6.50205570980520
2.04689709448833
-2.87199783010678
-7.14022512828660
-9.79079335736795
-10.2232010405793
-8.33948373033859
-4.56640841729145
0.241212985929856
4.99418619987560
8.61569780668386
10.2852735230711
9.62466136809483
6.78352682490801
2.40554526476935
-2.51742641035229
-6.87006065348692
-9.66624314311299
-10.2724826542457
-8.55143213891262
-4.89300548981066
-0.126040305365235
4.66948003516877
8.40710281769319
10.2400481042655
9.75305159821400
7.05644515889598
2.76116048439847
-2.15968097837515
-6.59123429431178
-9.52950557205261
-10.3088125544562
-8.75259876255408
-5.21343338130654
-0.493134682989113
4.33888651397382
8.18790801652916
10.1819118660126
9.86914502201391
7.32046661188636
3.11329438791198
-1.79921258544207
-6.30409759957476
-9.38075304514319
-10.3321449358808
-8.94272996710655
-5.52728809107519
-0.859607308373324
4.00282245398612
7.95838976756672
10.1109381074291
9.97279526701407
7.57525830133235
3.46150299915079
-1.43647571597325
-6.00901259589857
-9.22017311199458
-10.3424503806729
-9.12158603205155
-5.83417390598721
-1.22499612686007
3.66171157024871
7.71883745115418
10.0272163133856
10.0638716492979
7.82049898172004
3.80534729102375
-1.07192771452456
-5.70635133126336
-9.04796823440112
-10.3397158955599
-9.28894145274793
-6.13370389940643
-1.58884045027648
3.31598394091899
7.46955309875254
9.93085204168351
10.1422593382786
8.05587944960652
4.14439373904801
-0.706028209151916
-5.39649540591961
-8.86435553107857
-10.3239449282252
-9.44458522475585
-6.42550041903919
-1.95068153777417
2.96607546502234
7.21085101213459
9.82196678996684
10.2078595014813
8.28110293346302
4.47821486794032
-0.339238531914053
-5.07983549126715
-8.66956650391356
-10.2951573629612
-9.58832110987277
-6.70919556308143
-2.31006317421380
2.61242731286698
6.94305736710593
9.70069784253385
10.2605894291519
8.49588546785183
4.80638979058174
0.0279788627906029
-4.75677083728230
-8.46384674608373
-10.2533894955992
-9.71996788355255
-6.98443164407358
-2.66653224537545
2.25548536980135
6.66650980225450
9.56719809724955
10.3003826385383
8.69995625145579
5.12850473868634
0.395160981290488
-4.42770876914520
-8.24745563241197
-10.1986939877467
-9.83935956339906
-7.25086163988147
-3.01963930924889
1.89569967404368
6.38155699325645
9.42163587276697
10.3271889577142
8.89305798850750
5.44415358447867
0.761844874387326
-4.09306417367031
-8.02066599233775
-10.1311398003907
-9.94634561843792
-7.50814963122579
-3.36893916269408
1.53352384925848
6.08855821325305
9.26419469630923
10.3409745888355
9.07494721319026
5.75293835275347
1.12756822105707
-3.75325897621345
-7.78376376593406
-10.0508121069515
-10.0407911589076
-7.75597122521702
-3.71399140276839
1.16941453262385
5.78788287988058
9.09507307227714
10.3417221507542
9.24539459660802
6.05446972264615
1.49186991134824
-3.40872160870472
-7.53704764338760
-9.95781218589307
-10.1225771063329
-7.99401396435351
-4.05436098198486
0.803830799099397
5.47991008949603
8.91448423196795
10.3294307009319
9.40418523592230
6.34836751849300
1.85429062775339
-3.05988646946809
-7.28082868840276
-9.85225729303046
-10.1916003436586
-8.22197772047154
-4.38961875683495
0.437233582608905
5.16502813921001
8.72265586473426
10.3041157366287
9.55111892530913
6.63426118916580
2.21437342433107
-2.70719337552802
-7.01542994601226
-9.73428051369259
-10.2477738452631
-8.43957507315281
-4.71934202885627
0.0700850948978388
4.84363403731341
8.51982983090487
10.2658091753642
9.68601040837998
6.91179027526597
2.57166430282722
-2.35108700808339
-6.74118603527528
-9.60403059492380
-10.2910267866803
-8.64653167211345
-5.04311507757560
-0.297151757244820
4.51613300272600
8.30626185684831
10.2145593146745
9.80868961175530
7.18060486360472
2.92571278508126
-1.99201635184509
-6.45844272737805
-9.46167175794411
-10.3213046338976
-8.84258658310102
-5.36052968465825
-0.664013955611725
4.18293795408891
8.08222121254365
10.1504307712187
9.91900185949652
7.44036602836862
3.27607248099754
-1.63043412894072
-6.16755650969042
-9.30738349109361
-10.3385692121116
-9.02749261688910
-5.67118564859939
-1.03003895436746
3.84446898914251
7.84799037208523
10.0735043993097
10.0168080681262
7.69074625844996
3.62230165136903
-1.26679622812890
-5.86889413629574
-9.14136032353177
-10.3427987538611
-9.20101664094080
-5.97469128929845
-1.39476526322919
3.50115285507315
7.60386465753362
9.98387718896917
10.1019849219828
7.93142987037478
3.96396376481584
-0.901561130000521
-5.56283216557541
-8.96381157997302
-10.3339879264709
-9.36293987333887
-6.27066394189807
-1.75773302933045
3.15342241045483
7.35015186656308
9.88166214364427
10.1744250287009
8.16211340632782
4.30062804817903
-0.535189328911831
-5.24975648544934
-8.77496111676591
-10.3121478387756
-9.51305815863347
-6.55873043926061
-2.11848461699712
2.80171607949849
7.08717188439466
9.76698813772948
10.2340370546151
8.38250601674783
4.63187002964847
-0.168142752399703
-4.93006182683670
-8.57504703964936
-10.2773060271136
-9.65118222524719
-6.83852758245205
-2.47656518474901
2.44647729927052
6.81525628047349
9.63999975407863
10.2807458399115
8.59232982704038
4.95727207393732
0.199115821231128
-4.60415126596640
-8.36432140354875
-10.2295064206088
-9.77713792410597
-7.10970259867501
-2.83152325877821
2.08815396061366
6.53474789042396
9.50085710171510
10.3144924933926
8.79132028793038
5.27642390884777
0.566123346393562
-4.27243571618426
-8.14304989477995
-10.1688092857832
-9.89076644821305
-7.37191358605541
-3.18291130216087
1.72719784343224
6.24600038378979
9.34973561396108
10.3352344667285
8.97922650900206
5.58892314254581
0.932417094019442
-3.93533340986086
-7.91151149606263
-10.0952911505732
-9.99192453287375
-7.62482994470754
-3.53028627912713
1.36406404707369
5.94937781813242
9.18682582724934
10.3429456081011
9.15581157503005
5.89437577091138
1.29753523498531
-3.59326937107064
-7.66999813478273
-10.0090447078416
-10.0804846363285
-7.86813279356670
-3.87321021364997
0.999210416545740
5.64525418001621
9.01233314089303
10.3376161951778
9.32085284468901
6.19239667429319
1.66101742238940
-3.24667487972764
-7.41881431492173
-9.91017869850763
-10.1563351005556
-8.10151537243652
-4.21125074164582
0.633096965251102
5.33401291347398
8.82647755811338
10.3192529473692
9.47414223125670
6.48261010308005
2.02240537197500
-2.89598692781100
-7.15827673312881
-9.79881777444690
-10.2193802920540
-8.32468342876303
-4.54398165610864
0.266185294986825
5.01604643656727
8.62949340865844
10.2878790173571
9.61548646497676
6.76465015145745
2.38124343992407
-2.54164766840727
-6.88871387943082
-9.67510234132650
-10.2695407224200
-8.53735558862418
-4.87098344448597
-0.101061986032014
4.69175564660739
8.42162905334867
10.2435339619037
9.74470733673882
7.03816121873644
2.73707919735442
-2.18410385822078
-6.61046562306536
-9.53918838157844
-10.3067531485656
-8.73926371149539
-5.19184381759444
-0.468181846450345
4.36154941470560
8.20314657095095
10.1862736919775
9.86164192276197
7.30279845770659
3.08946400075154
-1.82380629431361
-6.32388278396636
-9.39124725773778
-10.3309706524577
-8.93015322832912
-5.50615822944923
-0.834711415572943
4.02584407025772
7.97432142773936
10.1161704022589
9.96614279001545
7.55822820942980
3.43795355761312
-1.46120924572543
-6.02932669044543
-9.23146549638429
-10.3421627002730
-9.10978346251186
-5.81353038731815
-1.20018856694641
3.68506287603243
7.73544213017881
10.0333124801177
10.0580781821031
7.80412842391275
3.78210848662722
-1.09676988071671
-5.72716872362516
-9.06004455296328
-10.3403151808954
-9.27792793331737
-6.11357275138181
-1.56415250102515
3.33963549450595
7.48680986118014
9.93780439417246
10.1373321853862
8.04018906615814
4.12149487165793
-0.730947690377416
-5.41778984918803
-8.87720055779342
-10.3254304237074
-9.43437464146017
-6.40590702333828
-1.92614432615025
2.98999744614962
7.22873810035798
9.82976656257242
10.2038048751259
8.26611250706612
4.45568480882060
-0.364203909286245
-5.10158013706021
-8.68316404356212
-10.2975271956532
-9.57892633638119
-6.69016462337396
-2.28570763713685
2.63658956030999
6.96155222879206
9.70933520117605
10.2574124414719
8.48161389868086
4.78425694599686
0.00299906602851386
-4.77893826959742
-8.47817965466848
-10.2566406775772
-9.71140076494810
-6.96598715488016
-2.64238909070331
2.27985741940835
6.68558911878134
9.57666215180635
10.2980872951320
8.68642153333757
5.10679701408833
0.370198260071973
-4.45027103892368
-8.26250583876631
-10.2028224198674
-9.83163090124523
-7.23302685631451
-2.99573897706085
1.92025079713411
6.40119670911187
9.43191469080333
10.3257781525878
8.88027718623321
5.42289834932129
0.736930702116734
-4.11599283403279
-8.03641452091704
-10.1361402774603
-9.93946515715746
-7.49094703967011
-3.34531178692164
1.55822309137642
6.10873356636249
9.27527531812440
10.3404501007551
9.06293644100543
5.73216240598339
1.10273400993096
-3.77652511833252
-7.80019076073694
-10.0566783242863
-10.0347675734984
-7.73942251498188
-3.69066677319067
1.19423075256601
5.80856843282924
9.10694152724319
10.3420846410029
9.23416899788925
6.03419925891256
1.46714697274335
-3.43229589825055
-7.55413239299064
-9.96453674727066
-10.1174179914288
-7.97814000032152
-4.03136850667367
0.828732708167966
5.50107976160177
8.92712555614302
10.3306797124761
9.39375896408683
6.32862809512871
1.82971013275457
-3.08373918359019
-7.29854965207615
-9.85983172001531
-10.1873122039564
-8.20679851679369
-4.36698742507985
0.462189784072470
5.18665523940739
8.73605411973029
10.3062496946945
9.54150512597129
6.61507769395731
2.18996636442449
-2.73129444033701
-7.03376478087807
-9.74269525632277
-10.2443620873191
-8.42510976801920
-4.69710037460788
0.0950641235710895
4.86569129780124
8.53396812398432
10.2688253894221
9.67722120277409
6.89318689507652
2.54746145083273
-2.37540603656419
-6.76011162447162
-9.61327504375508
-10.2884957120944
-8.63279850361499
-5.02129114347183
-0.272181395328111
4.53859261335097
8.32112236222026
10.2184539818329
9.80073608145420
7.16260505387908
2.90174465634888
-2.01652268217046
-6.47793520921551
-9.47173425742529
-10.3196574338898
-8.82960286624025
-5.33915098667382
-0.639083743490596
4.20577159740810
8.09778519384155
10.1551989810178
9.91189403244226
7.42299248356008
3.25236929493439
-1.65509686313020
-6.18759130773227
-9.31825135426050
-10.3378079634986
-9.01527472174772
-5.65027914134391
-1.00518032445710
3.86764787612650
7.86423820598793
10.0791401399130
10.0105549059822
7.67402088340524
3.59889329333820
-1.29158427100551
-5.88944599033851
-9.15301984800594
-10.3429244164375
-9.18957997204002
-5.95428333203681
-1.37000955769977
3.52464776140367
7.62077585850748
9.99037335474299
10.0965943088376
7.91537375272231
3.94087974845642
-0.926443228396037
-5.58387516350864
-8.97624806523610
-10.3350003417993
-9.35229885021713
-6.25078026531519
-1.73311146057641
3.17720371337352
7.36770511269046
9.88901054411704
10.1699037611275
8.14674678988070
4.27789747819378
-0.560134111071297
-5.27126409591847
-8.78815888269407
-10.3140457303862
-9.50322619766605
-6.53939611301982
-2.09402822829340
2.82575379514678
7.10534504425692
9.77517950791857
10.2303908331013
8.36784827598500
4.60952156511137
-0.193118767535455
-4.95200693269612
-8.58898944628495
-10.2800870021141
-9.64217172273062
-6.81976698358680
-2.45230481110884
2.47074112050723
6.83402644105641
9.64902376617073
10.2779792616727
8.57839944268290
4.93533389215649
0.174140063285801
-4.62650619846919
-8.37899087207836
-10.2331669727001
-9.76896024062861
-7.09153938085394
-2.80748948807585
2.11261329521775
6.55409138599982
9.51070237808833
10.3126090465758
8.77813482363238
5.25492366983812
0.541179335481100
-4.29517228986739
-8.15842792969872
-10.1733447996817
-9.88343189433072
-7.35437064975941
-3.15913443656591
1.75182185267622
6.26589282576605
9.36038974153052
10.3342365260141
8.96680258921170
5.56788795416293
0.907536279955109
-3.95842295808187
-7.92757870849364
-10.1006959078293
-9.98544235611285
-7.60792940835643
-3.50679629689789
1.38882168460561
5.96979412579613
9.19827537311789
10.3428344317090
9.14416486402777
5.87383215466140
1.27274898790242
-3.61668278215104
-7.68673426692284
-10.0153118940495
-10.0748630095224
-7.85189596563048
-3.85003673133978
1.02407046753293
5.66616861215028
9.02456366928676
10.3383919232810
9.30999802683777
6.17237053190211
1.63635699319668
-3.27038263365737
-7.43619826558292
-9.91730041189664
-10.1515811115429
-8.08596272457538
-4.18842297675866
0.658028085736345
5.35539910082363
8.83947364858409
10.3209146019170
9.46409299248763
6.46312668383439
1.99790185293977
-2.91995913347111
-7.17628658434209
-9.80678503584440
-10.2154999347415
-8.30983457000720
-4.52152839026230
0.291156051408491
5.03787741507810
8.64323867552048
10.2904245033085
9.60625547553380
6.74573402036956
2.35692772548342
-2.56585410124477
-6.90732692408323
-9.68390510547905
-10.2665388892255
-8.52322924065531
-4.84893298712377
-0.0760830772115366
4.71400389142919
8.43610616634753
10.2469600698685
9.73630623520383
7.01983622557252
2.71298194515720
-2.20851399837311
-6.62965839352884
-9.54881554981837
-10.3046336242492
-8.72587768504577
-5.17022397029220
-0.443226279046171
4.38418687488686
8.21833727710674
10.1905761022626
9.85408130138061
7.28508770691650
3.06561559300582
-1.84838936507846
-6.34363108168152
-9.40168669197455
-10.3297361093501
-8.91752440071760
-5.48499625086059
-0.809810653970949
4.04884220411991
7.99020657436233
10.1213436903161
9.95943218134166
7.54115403101663
3.41438406277985
-1.48593425236675
-6.04960561643683
-9.24270403440917
-10.3418146949064
-9.09792775637001
-5.79285295881440
-1.17537400643243
3.70839268715377
7.75200168901735
10.0393501233807
10.0522260469829
7.78771234527876
3.75884762150941
-1.12160564954339
-5.74795270989260
-9.07206802504446
-10.3408541520406
-9.26686029651260
-6.09340594339962
-1.53945542819894
3.36326756828055
7.50402295367272
9.94469878028168
10.1323459022862
8.02445178496266
4.09857196393320
-0.755862908047576
-5.43905269094308
-8.88999380454147
-10.3268556918206
-9.42410902824924
-6.38627626251765
-1.90159587948817
3.01390198687395
7.24658302395890
9.83750899897414
10.1996907308331
8.25107386512963
4.43312876006440
-0.389167162287609
-5.12329502576565
-8.69671093504442
-10.2998369637332
-9.56947568981645
-6.67109466049789
-2.26133876771799
2.66073642875198
6.98000648432934
9.71791592608033
10.2541756231663
8.46729285696807
4.76209619524286
-0.0219807482280515
-4.80107782676785
-8.49246311074104
-10.2598320334308
-9.70277700055868
-6.94750203366847
-2.61823052319517
2.30421617079842
6.70462943882901
9.58607034649546
10.2957318838470
8.67283614804986
5.08505950197206
0.345233379516910
-4.47280735064479
-8.27750785061633
-10.2068913397816
-9.82384489201374
-7.21514988310913
-2.97182117097885
1.94479071956400
6.42079908732427
9.44213849327217
10.3243071180643
8.86744458604820
5.40161148285210
0.712012231391222
-4.13889748615569
-8.05211617376362
-10.1410816312738
-9.93252671981117
-7.47370075405003
-3.32166489822529
1.58291324451221
6.12887328774188
9.28630183803627
10.3398652976974
9.05087280547318
5.71135302398730
1.07789336664878
-3.79976923229873
-7.81657225768195
-10.0624858818601
-10.0286854561316
-7.72282866134494
-3.66732061626240
1.21904000666046
5.82922010488684
9.11875686218218
10.3423868067401
9.22288953703795
6.01389359820127
1.44241547639218
-3.45585016750255
-7.57117307997442
-9.97120318634163
-10.1121998624752
-7.96221950046869
-4.00835251672842
0.853629783309393
5.52221734637506
8.93971480914239
10.3318684660327
9.38327789924443
6.30885175740803
1.80511896520553
-3.10757391052164
-7.31622804392298
-9.86734863542842
-10.1829646425175
-8.19157144355050
-4.34433062105265
0.487143289623000
5.20825208628121
8.74940141805479
10.3083235372706
9.53183567183508
6.59585561355598
2.16554653062682
-2.75537957373596
-7.05205858838355
-9.75105317062863
-10.2408905748711
-8.41059531992762
-4.67483132256629
0.120042597744464
4.88772017712125
8.54805663914413
10.2717817062834
9.66837555074934
6.87454330750660
2.52324373970832
-2.39971120950442
-6.77899778250526
-9.62246341915921
-10.2859046255769
-8.61901498072760
-4.99943792059940
-0.247209445798997
4.56102575074730
8.33593433118475
10.2222890456067
9.79272538428307
7.14456346527946
2.87775960198240
-2.04101725028946
-6.49738990580164
-9.48174150907429
-10.3179500401867
-8.81656764704599
-5.31774114586991
-0.614149803646470
4.22858070881572
8.11330194143896
10.1599079563939
9.90472839014223
7.40557564105956
3.22864713807307
-1.67974994327979
-6.20759001407254
-9.32906486484851
-10.3369864153197
-9.00300424126573
-5.62933967648454
-0.980315831415455
3.89080420344621
7.88044016845016
10.0847170897374
10.0042433531118
7.65725074644252
3.57546394326381
-1.31636478018300
-5.90996349173821
-9.16462598368266
-10.3429897496041
-9.17808970109074
-5.93384064393843
-1.34524586101845
3.54812210876080
7.63764260813633
9.99681124750713
10.0911448031055
7.89927146535924
3.91777274527518
-0.951319922927149
-5.60488559116780
-8.98863219279778
-10.3359524739382
-9.34160327592134
-6.23086012845579
-1.70847978272756
3.20096648392856
7.38521538361326
9.89630126282081
10.1653231733598
8.13133265414348
4.25514195559168
-0.585075626016692
-5.29274095954969
-8.80130538802988
-10.3158834610338
-9.49333880517802
-6.52002364303050
-2.06955962529536
2.84977502841155
7.12347675923889
9.78331386030508
10.2266849385770
8.35314172626704
4.58714621362196
-0.218093656226824
-4.97392315391587
-8.60288175406681
-10.2828080142296
-9.63310497823587
-6.80096660559327
-2.42803013337944
2.49499053011955
6.85275673933595
9.65799149631599
10.2751527328438
8.56441902124164
4.91336692298739
0.149163289594928
-4.64883414495078
-8.39361146665971
-10.2367678355871
-9.76072557562627
-7.07333479867901
-2.78343934152187
2.13706030712929
6.57339665211176
9.52049217933210
10.3106654471764
8.76489815721089
5.23339277930187
0.516232167913833
-4.31788381017220
-8.17375837719301
-10.1778209733137
-9.87603969122127
-7.33678481603682
-3.13533914400387
1.77643564369155
6.28574871931642
9.37098927073293
10.3331783065657
8.95432636681344
5.54682028875704
0.882650172306673
-3.98148941715517
-7.94359968002434
-10.1060417485741
-9.97890193510559
-7.59098449559178
-3.48328585982025
1.41357122125840
5.99017561215092
9.20967126621894
10.3426629264320
9.13246481587951
5.85325427684158
1.24795531698270
-3.64007509742550
-7.70342556298807
-10.0215206617830
-10.0691826168867
-7.83561333824580
-3.82684079208856
1.04892454520657
5.68704999399950
9.03674155815881
10.3391073484119
9.29908890454961
6.15230838659001
1.61168701926983
-3.29407131172086
-7.45353884152473
-9.92436427850392
-10.1467679092099
-8.07036291197250
-4.16557078115190
0.682955368000180
5.37675405058092
8.85241817914648
10.3225160554363
9.45398855045867
6.44360556571337
1.97338668031076
-2.94391430725248
-7.19425457687987
-9.81469509508734
-10.2115599912759
-8.29493724068395
-4.49904875072045
0.316125109541352
5.05967900807701
8.65693352709823
10.2929099660775
9.59696845360999
6.72677854198144
2.33259826327893
-2.59004556767070
-6.92589967887933
-9.69265138422693
-10.2634771721718
-8.50905317740715
-4.82685424634254
-0.0511037246048573
4.73622463986205
8.45053407224871
10.2503264081755
9.72784834261274
7.00147028629321
2.68886886836404
-2.23291125644870
-6.64881249375147
-9.55838702061974
-10.3024539938699
-8.71244076128416
-5.14857396550759
-0.418268126340321
4.40679876247414
8.23348004639400
10.1948190717732
9.84646320197099
7.26733446282141
3.04174930378171
-1.87296165434563
-6.36334237752913
-9.41207128696311
-10.3284413137591
-8.90484355793489
-5.46380227875128
-0.784905168811396
4.07181672142543
8.00604511478264
10.1264579414247
9.95266348013734
7.52403586568509
3.39079465213098
-1.51065059167832
-6.06984925558655
-9.25388866051841
-10.3414063666029
-9.08601898277934
-5.77214174108566
-1.15055259006054
3.73170086753188
7.76851603108238
10.0453292079572
10.0463152780726
7.77125084157244
3.73556483134898
-1.14643487613848
-5.76870316883444
-9.08403858051561
-10.3413328058515
-9.25573860689073
-6.07320359309211
-1.51474937586079
3.38688002439778
7.52119227583101
9.95153515979845
10.1273005180636
8.00866769781507
4.07562514958228
-0.780773716835193
-5.46028380716041
-8.90273519670319
-10.3282207242517
-9.41378844500249
-6.36660825108187
-1.87703634097697
3.03778894776100
7.26438567884940
9.84519405401248
10.1955170926005
8.23598709537197
4.41054685324030
-0.414128145309586
-5.14498003072131
-8.71020709934194
-10.3020866537292
-9.55996922530428
-6.65198578568671
-2.23695670809994
2.68486777733948
6.99842002607478
9.72643996719766
10.2508789931156
8.45292242624689
4.73990766758154
-0.0469604342727577
-4.82318937965645
-8.50669703099057
-10.2629635445459
-9.69409664068639
-6.92897638826067
-2.59405668376591
2.32856148188900
6.72363065133603
9.59542262644189
10.2933164184225
8.65920017483956
5.06329232913062
0.320266485244527
-4.49531757285614
-8.29246158045938
-10.2109007237556
-9.81600158112046
-7.19723082454019
-2.94788603051344
1.96931929819289
6.44036401355463
9.45230722054081
10.3227758627241
8.85456026280456
5.38029310923661
0.687089607558140
-4.16177799643702
-8.06777085929549
-10.1459638330100
-9.92553034687102
-7.45641087496251
-3.29799863453643
1.60759416465026
6.14897725991790
9.29727419173016
10.3392201830734
9.03875637696083
5.69051032815046
1.05304643610509
-3.82299118252999
-7.83290816121719
-10.0682347457991
-10.0225448422855
-7.70618976109834
-3.64395306816085
1.24384215019688
5.84983777559295
9.13051900817903
10.3426286462033
9.21155627984625
5.99355285895349
1.41767556655262
-3.47938427907064
-7.58816960494123
-9.97781146422275
-10.1069227499092
-7.94625255765945
-3.98531314639945
0.878521879299957
5.54332272051618
8.95225191753697
10.3329969546680
9.37274210253077
6.28903862068469
1.78051726855142
-3.13139051123535
-7.33386376082584
-9.87480799542603
-10.1785576847010
-8.17629658956020
-4.32164847690964
0.512093953709967
5.22981855385785
8.76269768185660
10.3103372522612
9.52211061930252
6.57659506008259
2.14111406537802
-2.77944863523718
-7.07031126182331
-9.75935420786076
-10.2373593281680
-8.39603181354099
-4.65253500262606
0.145020371719444
4.90972054677980
8.56209529420720
10.2746781087045
9.65947350390252
6.85585962130446
2.49901131071501
-2.42400238512834
-6.79784439921395
-9.63159566754290
-10.2832535422411
-8.60518118385071
-4.97755553642529
-0.222236054317939
4.58343228406545
8.35069767734409
10.2260644836271
9.78465756696764
7.12648020304266
2.85375776188350
-2.06549991332619
-6.51680670365792
-9.49169345452203
-10.3161824627471
-8.80348100155526
-5.29630028712832
-0.589212281518098
4.25136515526706
8.12877136482728
10.1645576698797
9.89750497439369
7.38811560245967
3.20490614878405
-1.70439322558898
-6.22755251206139
-9.33982395978536
-10.3361045723667
-8.99068124701698
-5.60836737615943
-0.955445620273867
3.91393783603164
7.89659616496797
10.0902352162542
9.99787344633041
7.64043594538061
3.55201373780841
-1.34113761111291
-5.93044652081702
-9.17617866286649
-10.3429947529798
-9.16654589511583
-5.91336334424958
-1.32047431763096
3.57157576021955
7.65446480803704
10.0031908297111
10.0856364365730
7.88312310221040
3.89464289005442
-0.976191068489016
-5.62586332599985
-9.00096389042249
-10.3368443173342
-9.33085321283787
-6.21090364751423
-1.68383813945956
3.22471058351483
7.40268257719474
9.90353425723149
10.1606832921149
8.11587108902699
4.23236161310377
-0.610013728265079
-5.31418695106521
-8.81440055609023
-10.3176610199994
-9.48339603884266
-6.50061314229246
-2.04507895073207
2.87377963917782
7.14156692357894
9.79139114744393
10.2229193926576
8.33838645337604
4.56474410569378
-0.243067272798557
-4.99581036265942
-8.61672388196162
-10.2854690475895
-9.62398204464935
-6.78212655813248
-2.40374129315411
2.51922538666156
6.87144706606072
9.66690289220850
10.2722662699116
8.55038864426454
4.89137129456152
0.124185645847110
-4.67113497517307
-8.40818310200865
-10.2403089882671
-9.75243397713187
-7.05508895833773
-2.75937295939989
2.16149485374516
6.59266357615288
9.53022644834517
10.3086617065308
8.75161036587553
5.21183136282693
0.491281989207668
-4.34057014462538
-8.18904114784088
-10.1822377805709
-9.86858988200071
-7.31915618746599
-3.11152556326957
1.80103907290691
6.30556794862221
9.38153413974163
10.3320598145557
8.94179791458357
5.52572026921606
0.857758916233882
-4.00453265253494
-7.95957431720498
-10.1113286416258
-9.97230330800048
-7.57399530525345
-3.45975510502861
1.43831251266893
6.01052215831425
9.22101344008066
10.3424310932703
9.12071149883177
5.83264225748289
1.22315436684438
-3.66344618044751
-7.72007192562028
-10.0276709748285
-10.0634434915535
-7.81928500638786
-3.80362253119627
1.07377250458905
5.70789820376354
9.04886673647600
10.3397624663978
9.28812554145759
6.13221035538336
1.58700764450790
-3.31774077574294
-7.47083594160022
-9.93137025712819
-10.1418955216314
-8.05471602562174
-4.14269428812048
0.707878666642688
5.39807763818322
8.86531107429681
10.3240572985862
9.44382896410816
6.42404686258388
1.94885999708291
-2.96785230942883
-7.21218060593468
-9.82254790603922
-10.2075604846378
-8.27999152768955
-4.47654286860706
0.341092323742988
5.08145108839098
8.67057788350949
10.2953353911669
9.58762545337400
6.70778382686060
2.30825519522688
-2.61422192657828
-6.94443203548404
-9.70134112655300
-10.2603555891170
-8.49482748156750
-4.80474735092778
-0.0261240739120909
4.75841776229419
8.46491268689408
10.2536329571890
9.71933370829815
6.98306350802552
2.66474010762452
-2.25729549014038
-6.66792781200900
-9.56790273815205
-10.3002142701413
-8.69895301858829
-5.12689392952531
-0.393307533911604
4.42938494557420
8.24857479048193
10.1990025757599
9.83878766896743
7.24953882897618
3.01786527228927
-1.89752301878239
-6.38301655653486
-9.42240098213099
-10.3270862732369
-8.89211077394849
-5.44257643674398
-0.759995105365888
4.09476748816801
8.02183695661390
10.1315131257547
9.94583672588184
7.50687381328561
3.36718546326158
-1.53535811949182
-6.09005748981513
-9.26501930947197
-10.3409377177443
-9.07405721120272
-5.75139685494067
-1.12572446261198
3.75498728121211
7.78498506004558
10.0512496989718
10.0403459098481
7.75474400881393
3.71226025195468
-1.17125741567518
-5.78941997941498
-9.09595614955233
-10.3417511395365
-9.24456292932156
-6.05296581829981
-1.49003448811669
3.41047272512816
7.53831772750778
9.95831349284607
10.1221960621469
7.99283689677965
4.05265456245419
-0.805679971432922
-5.48148307400068
-8.91542465995791
-10.3295255130383
-9.40341295191706
-6.34690310375835
-1.85246585387037
3.06165818948014
7.28214596118808
9.85282168286041
10.1912839847726
8.22085228579443
4.38793922006669
-0.439086712756858
-5.16663502544038
-8.72365245773268
-10.3042762525185
-9.55040699829240
-6.63283811040269
-2.21256160050120
2.70898346531863
7.01679274662374
9.73490727480800
10.2475225705479
8.43850269034018
4.71769149243881
-0.0719398464011932
-4.84527279928423
-8.52088133239047
-10.2660351926562
-9.68535973596142
-6.91041032671704
-2.56986771342634
2.35289321067595
6.74259264546992
9.60471893709369
10.2908409129473
8.64551369324031
5.04149562253214
0.295297722884622
-4.51780157425746
-8.30736694107020
-10.2148505484028
-9.80810101431329
-7.17926978512808
-2.92393369527856
1.99383638994764
6.45989137368237
9.46242081329498
10.3211843954989
8.84162429165306
5.35894335282510
0.662162975991405
-4.18463423141669
-8.08337848619577
-10.1507868541910
-9.91847607914497
-7.43907750325471
-3.27431313390065
1.63226570782417
6.16904536562579
9.30819231520523
10.3385147606461
9.02658722614022
5.66963444004656
1.02819336322993
-3.84619083357682
-7.84919837605671
-10.0739248825701
-10.0163457677763
-7.68950591129224
-3.62056426518697
1.26863703850647
5.87042132468641
9.14222789662504
10.3428101579819
9.20016929242009
5.97317715981698
1.39292738753050
-3.50289809568233
-7.60512186875178
-9.98436154236664
-10.1015866845108
-7.93023926502465
-3.96225053007563
0.903408850946153
5.56439576092124
8.96473680819766
10.3340651717997
9.36215163539830
6.26918880052892
1.75590518629188
-3.15518884681110
-7.35145669991872
-9.88220975649761
-10.1740913562117
-8.16097404391688
-4.29894112495602
0.537041630791195
5.25135451634191
8.77594283357847
10.3122908279201
9.51233002509720
6.55729614588232
2.11666911119294
-2.80350148444784
-7.08852269473105
-9.76759831959910
-10.2337683678075
-8.38141933380428
-4.63021154483974
0.169997299800418
4.93169227845057
8.57608400728721
10.2775145797908
9.65051511415600
6.83713594544695
2.47476430520080
-2.44827942174985
-6.81665136466694
-9.64067173563849
-10.2805424775506
-8.59129719367308
-4.95564411858967
-0.197261366554984
4.60581208260575
8.36541231458494
10.2297802738718
9.77653267656531
7.10835537264341
2.82973927605967
-2.08997052847532
-6.53618548952779
-9.50159003571868
-10.3143547118813
-8.79034300609769
-5.27482853551382
-0.564271322563952
4.27412480386235
8.14419337377464
10.1691480943540
9.89022382732888
7.37061246959842
3.18114646554875
-1.72902656631557
-6.24747868525925
-9.35052857631315
-10.3351624397835
-8.97830581087814
-5.58736236270022
-0.930569836100529
3.93704863894626
7.91270610130177
10.0956944872761
9.99144522279192
7.62357657829569
3.52854281375729
-1.36590261929738
-5.95089495809913
-9.18767781817161
-10.3429394265354
-9.15494862144718
-5.89285155240686
-1.29569507202997
3.59500857897893
7.67124236008712
10.0095120641428
10.0800692413698
7.86692875746478
3.87149031770864
-1.00105652000799
-5.64680824564342
-9.01324308618046
-10.3376758667851
-9.32004872367095
-6.19091093889123
-1.65918667450738
3.24843587363498
7.42010659155021
9.91070948515759
10.1559841444573
8.10036218471431
4.20955658360803
-0.634948272352252
-5.33560194537437
-8.82744431049212
-10.3193783969146
-9.47339795665341
-6.48116472402187
-2.02058634739725
2.89776748742871
7.15961543176038
9.79941132222022
10.2190942173077
8.32358254337549
4.54231537199856
-0.268039471574591
-5.01766843126054
-8.63051574922941
-10.2880700866719
-9.61480297518266
-6.76324695109685
-2.37943843210990
2.54344554877339
6.89009731221162
9.67575790186799
10.2693198897126
8.53630839358698
4.86934713517752
0.0992072777371960
-4.69340855905721
-8.42270569313143
-10.2437904100844
-9.74408549350724
-7.03680196625313
-2.73529048208935
2.18591679254072
6.61189204574081
9.53990512834835
10.3065978363270
8.73827152713037
5.19023954617516
0.466328944897254
-4.36323116089517
-8.20427615249922
-10.1865951956898
-9.86108251012385
-7.30148486686991
-3.08769383327237
1.82563199681024
6.32535039807952
9.39202428704928
10.3308810565081
8.92921730559596
5.50458801861066
0.832862656925342
-4.02755252981195
-7.97550252685684
-10.1165565561464
-9.96564651328736
-7.55696193643314
-3.43620416977812
1.46304541452099
6.03083364560641
9.23230182854510
10.3421389335764
9.10890498143845
5.81199621680964
1.19834628215167
-3.68679589489549
-7.73667325771948
-10.0337627973109
-10.0576456669994
-7.80291106529539
-3.78038208409526
1.09861420074432
5.72871311983655
9.06093913351431
10.3403572734172
9.27710800150800
6.11207655550662
1.56231901286594
-3.34139088766159
-7.48808946491684
-9.93831830690350
-10.1369639772278
-8.03902215678714
-4.11979363110106
0.732797836286015
5.41936973925183
8.87815225883189
10.3255383223765
9.43361429269613
6.40445068852651
1.92432194632062
-2.99177300036957
-7.23006456694549
-9.83034342289305
-10.2035014381562
-8.26499751819828
-4.45401087519281
0.366057548379384
5.10319352902735
8.68417166516785
10.2977007644295
9.57822652932364
6.68874998579804
2.28389866331836
-2.63838303694655
-6.96292388580142
-9.70997428177071
-10.2571741582695
-8.48055223611096
-4.78261242982302
-0.00114427084449786
4.78058312927500
8.47924192641439
10.2568796976223
9.71076238192598
6.96461599813461
2.64059580368192
-2.28166655721468
-6.68700423680338
-9.57736264691094
-10.2979144661277
-8.68541453562848
-5.10518398879706
-0.368344647355411
4.45194529244372
8.26362142132558
10.2031265898209
9.83105474714064
7.23170090917789
2.99396363784430
-1.92207331512438
-6.40265350394089
-9.43267571722398
-10.3256709956875
-8.87932612302524
-5.42131884864323
-0.735080608935078
4.11769437047127
8.03758200774365
10.1365092138193
9.93895195839568
7.48966797391978
3.34355663388204
-1.56005669168797
-6.11023020124964
-9.27609591634571
-10.3404087510640
-9.06204251141217
-5.73061842137872
-1.10088976890714
3.77825179236458
7.80140867984449
10.0571115618908
10.0343179771288
7.73819194328153
3.68893401925580
-1.19607312336336
-5.81010302079481
-9.10782066264045
-10.3421091506553
-9.23333332899291
-6.03269273706414
-1.46531090912884
3.43404553285522
7.55539920880848
9.96503373988710
10.1170325643103
7.97695947419762
4.02966033653009
-0.830581526564671
-5.50265036781036
-8.92806212029023
-10.3307700505698
-9.39298260951332
-6.32716093548000
-1.82788456148828
3.08550957280410
7.29986376738073
9.86039184102662
10.1869914320408
8.20566952467424
4.36530599241197
-0.464042719045848
-5.18825988361108
-8.73704693179099
-10.3064057473296
-9.54078906455916
-6.61365174632901
-2.18815358721870
2.73308335202239
7.03512453880967
9.74331779952067
10.2441063750413
8.42403373335436
4.69544779939557
-0.0969188389081925
-4.86732795684047
-8.53501593220490
-10.2690469598454
-9.67656633734620
-6.89180395732837
-2.54566375326187
2.37721121523204
6.76151531062696
9.61395922422626
10.2883053818609
8.63177678308549
5.01966950931088
0.270327238077891
-4.54025922369937
-8.32222384550706
-10.2187407906844
-9.80014323767631
-7.16126686963801
-2.89996430498165
2.01834185181980
6.47938105380605
9.47247921254292
10.3195327256716
8.82863674804933
5.33756233814288
0.637232482081274
-4.20746605777404
-8.09893896342795
-10.1555506666844
-9.91136395777996
-7.42170074003235
-3.25060853446901
1.65692773012693
6.18907748780995
9.31905614477493
10.3377490345301
9.01436542399410
5.64872548143899
1.00333429299155
-3.86936805011104
-7.86544280718105
-10.0795562589830
-10.0100882687630
-7.67277720924370
-3.59715434376568
1.29342452696038
5.89097063210511
9.15388345922322
10.3429313410172
9.18872864117881
5.95276661963763
1.36817108367987
-3.52639148018129
-7.62202977252492
-9.99085338256784
-10.0961916974054
-7.91417971596845
-3.93916480227495
0.928290553082021
5.58543634467098
8.97716940830115
10.3350731111966
9.35150655962131
6.24930241271932
1.73128286198248
-3.17896877843295
-7.36900675857853
-9.88955387546930
-10.1695656831016
-8.14560389599708
-4.27620869763758
0.561986175356025
5.27285984811391
8.78913679596379
10.3141842528524
9.50249394626942
6.53795898352413
2.09221181065233
-2.82753798106971
-7.10669278087929
-9.77578545775645
-10.2301177147352
-8.36675796595223
-4.60786107941819
0.194973236303766
4.95363524397224
8.59002269678918
10.2802911029974
9.64150043376582
6.81837238914945
2.45050286459187
-2.47254217776074
-6.83541856916479
-9.64969157050435
-10.2777714473190
-8.57736309117887
-4.93370379489588
-0.172285528180688
4.62816501582873
8.38007815707804
10.2334363946673
9.76835076046863
7.09018907980402
2.80570428460194
-2.11442895299952
-6.55552615037642
-9.51143119493832
-10.3124667982503
-8.77715373730733
-5.25332601626528
-0.539327072262554
4.29685952184435
8.15956787832577
10.1736792030411
9.88288499141877
7.35306634457506
3.15736822695094
-1.75364982177303
-6.26736841743656
-9.36117865199274
-10.3341600230655
-8.96587800503524
-5.56632475862146
-0.905688623989118
3.96013647738451
7.92876988348364
10.1010948709596
9.98495871999164
7.60667274352859
3.50505130800995
-1.39065966028888
-5.97130868430863
-9.19912338252225
-10.3428237705936
-9.14329794773179
-5.87230538805574
-1.27090826874606
3.61842042835066
7.68797516642296
10.0157749139309
10.0744432499689
7.85068852558416
3.84831516328485
-1.02591613245067
-5.66772022792855
-9.02546970844819
-10.3384471174405
-9.30918987144226
-6.17088211920445
-1.63452553165397
3.27214221589916
7.43748732504522
9.91782690474727
10.1512257577969
8.08480603166759
4.18672700012000
-0.659879112841806
-5.35698581756331
-8.84043657515243
-10.3210355817618
-9.46334461692919
-6.46167850166155
-1.99608195814960
2.92173843324286
7.17762217850267
9.80737433785294
10.2152094348390
8.30873008261674
4.51986014335700
-0.293010106901242
-5.03949723222088
-8.64425727542338
-10.2906111163052
-9.60556782337739
-6.74432789460953
-2.35512169199878
2.56765087518086
6.90870736900159
9.68455647364393
10.2663136094328
8.52217835133920
4.84729457330047
0.0742283309572083
-4.71565476668115
-8.43717915531765
-10.2472120807323
-9.73568017345074
-7.01847392909341
-2.71119205005679
2.21032598106944
6.63108194871572
9.54952816288489
10.3044738486032
8.72488171877971
5.16861745529184
0.441373180526903
-4.38586672680176
-8.21946330230210
-10.1908931932546
-9.85351761938057
-7.28377095732557
-3.06384409301401
1.85021427195772
6.34509595229897
9.40245965146774
10.3296420392986
8.91658461323342
5.48342366020546
0.807961539598844
-4.05054891471100
-7.99138421607052
-10.1217254616419
-9.95893158979476
-7.53988448848987
-3.41263319143496
1.48776978255430
6.05110995555032
9.24353636576804
10.3417864490543
9.09704533256707
5.79131627524842
1.17353120760335
-3.71012410457034
-7.75322946245152
-10.0397960936973
-10.0517891770418
-7.78649161047774
-3.75711958634073
1.12344948877753
5.74949462080491
9.07295867885307
10.3408917660007
9.26603634896626
6.09190710440046
1.53762126834601
-3.36502150952772
-7.50529931083463
-9.94520838730247
-10.1319733047643
-8.02328139701118
-4.09686894367125
0.757712731583428
5.44063022959171
8.89094165784898
10.3269591181687
9.42334459580390
6.38481715784594
1.89977267114534
-3.01567624055182
-7.24790635559497
-9.83808160017896
-10.1993828755074
-8.24995529966893